-1294.785  -2.30  218.320
-1294.769  -2.19  218.325
-1294.743  -2.28  218.330
-1294.704  -2.04  218.335
-1294.666  -2.06  218.340
-1294.625  -2.14  218.345
-1294.579  -2.14  218.350
-1294.514  -2.08  218.355
-1294.455  -1.94  218.360
-1294.402  -2.07  218.365
-1294.346  -2.16  218.370
-1294.266  -2.05  218.375
-1294.166  -2.00  218.380
-1294.064  -1.94  218.385
-1293.959  -1.96  218.390
-1293.847  -1.97  218.395
-1293.739  -2.00  218.400
-1293.594  -1.90  218.405
-1293.442  -1.89  218.410
-1293.289  -1.89  218.415
-1293.139  -1.88  218.420
-1292.982  -1.85  218.425
-1292.829  -1.87  218.430
-1292.668  -1.72  218.435
-1292.487  -1.77  218.440
-1292.304  -1.71  218.445
-1292.114  -1.67  218.450
-1291.918  -1.70  218.455
-1291.702  -1.72  218.460
-1291.500  -1.72  218.465
-1291.286  -1.74  218.470
-1291.069  -1.72  218.475
-1290.872  -1.73  218.480
-1290.676  -1.85  218.485
-1290.452  -1.77  218.490
-1290.229  -1.76  218.495
-1290.017  -1.74  218.500
-1289.793  -1.74  218.505
-1289.590  -1.66  218.510
-1289.377  -1.64  218.515
-1289.157  -1.49  218.520
-1288.921  -1.41  218.525
-1288.693  -1.25  218.530
-1288.492  -1.14  218.535
-1288.290  -0.92  218.540
-1288.070  -0.90  218.545
-1287.850  -0.96  218.550
-1287.610  -0.92  218.555
-1287.408  -0.98  218.560
-1287.226  -1.12  218.565
-1287.032  -1.21  218.570
-1286.822  -1.41  218.575
-1286.601  -1.42  218.580
-1286.367  -1.43  218.585
-1286.147  -1.52  218.590
-1285.932  -1.43  218.595
-1285.718  -1.32  218.600
-1285.491  -1.22  218.605
-1285.260  -1.16  218.610
-1285.059  -1.14  218.615
-1284.836  -1.07  218.620
-1284.621  -1.00  218.625
-1284.418  -1.04  218.630
-1284.194  -1.11  218.635
-1283.977  -1.31  218.640
-1283.779  -1.25  218.645
-1283.570  -1.28  218.650
-1283.378  -1.28  218.655
-1283.178  -1.31  218.660
-1282.959  -1.29  218.665
-1282.735  -1.23  218.670
-1282.513  -1.01  218.675
-1282.314  -1.08  218.680
-1282.121  -1.12  218.685
-1281.895  -1.12  218.690
-1281.690  -1.07  218.695
-1281.469  -0.99  218.700
-1281.266  -0.99  218.705
-1281.085  -1.13  218.710
-1280.867  -1.21  218.715
-1280.640  -1.14  218.720
-1280.427  -1.02  218.725
-1280.228  -0.87  218.730
-1280.023  -0.91  218.735
-1279.844  -0.90  218.740
-1279.635  -0.86  218.745
-1279.445  -0.72  218.750
-1279.241  -0.66  218.755
-1279.063  -0.74  218.760
-1278.869  -0.86  218.765
-1278.670  -0.79  218.770
-1278.469  -0.72  218.775
-1278.263  -0.68  218.780
-1278.057  -0.71  218.785
-1277.849  -0.68  218.790
-1277.647  -0.70  218.795
-1277.449  -0.72  218.800
-1277.255  -0.77  218.805
-1277.009  -0.86  218.810
-1276.804  -0.85  218.815
-1276.616  -0.83  218.820
-1276.404  -0.87  218.825
-1276.191  -0.88  218.830
-1275.970  -0.86  218.835
-1275.730  -0.94  218.840
-1275.534  -0.78  218.845
-1275.321  -0.56  218.850
-1275.148  -0.54  218.855
-1274.937  -0.46  218.860
-1274.728  -0.41  218.865
-1274.513  -0.29  218.870
-1274.300  -0.13  218.875
-1274.085  -0.23  218.880
-1273.877  -0.42  218.885
-1273.673  -0.53  218.890
-1273.457  -0.63  218.895
-1273.262  -0.65  218.900
-1273.054  -0.79  218.905
-1272.860  -0.84  218.910
-1272.650  -0.84  218.915
-1272.419  -0.73  218.920
-1272.189  -0.53  218.925
-1271.967  -0.45  218.930
-1271.767  -0.39  218.935
-1271.559  -0.40  218.940
-1271.349  -0.43  218.945
-1271.129  -0.39  218.950
-1270.902  -0.38  218.955
-1270.684  -0.51  218.960
-1270.497  -0.43  218.965
-1270.305  -0.39  218.970
-1270.084  -0.33  218.975
-1269.884  -0.27  218.980
-1269.673  -0.29  218.985
-1269.463  -0.34  218.990
-1269.274  -0.32  218.995
-1269.059  -0.39  219.000
-1268.846  -0.38  219.005
-1268.619  -0.30  219.010
-1268.358  -0.28  219.015
-1268.128  -0.14  219.020
-1267.935  -0.18  219.025
-1267.734  -0.11  219.030
-1267.511  -0.16  219.035
-1267.281  -0.26  219.040
-1267.070  -0.36  219.045
-1266.856  -0.38  219.050
-1266.633  -0.54  219.055
-1266.408  -0.50  219.060
-1266.179  -0.50  219.065
-1265.948  -0.41  219.070
-1265.750  -0.39  219.075
-1265.541  -0.36  219.080
-1265.349  -0.41  219.085
-1265.111  -0.36  219.090
-1264.887  -0.40  219.095
-1264.655  -0.39  219.100
-1264.422  -0.45  219.105
-1264.203  -0.37  219.110
-1263.995  -0.39  219.115
-1263.759  -0.38  219.120
-1263.516  -0.39  219.125
-1263.298  -0.27  219.130
-1263.086  -0.37  219.135
-1262.875  -0.37  219.140
-1262.643  -0.36  219.145
-1262.410  -0.32  219.150
-1262.180  -0.19  219.155
-1261.948  -0.07  219.160
-1261.736  -0.08  219.165
-1261.573   0.04  219.170
-1261.353   0.07  219.175
-1261.123   0.13  219.180
-1260.877   0.18  219.185
-1260.657   0.25  219.190
-1260.445   0.16  219.195
-1260.233   0.15  219.200
-1260.004   0.05  219.205
-1259.778   0.09  219.210
-1259.529   0.14  219.215
-1259.307   0.19  219.220
-1259.086   0.06  219.225
-1258.878  -0.01  219.230
-1258.663   0.11  219.235
-1258.430   0.30  219.240
-1258.218   0.40  219.245
-1258.011   0.24  219.250
-1257.821   0.14  219.255
-1257.601   0.19  219.260
-1257.368   0.24  219.265
-1257.122   0.19  219.270
-1256.897  -0.04  219.275
-1256.681  -0.22  219.280
-1256.463  -0.08  219.285
-1256.217   0.03  219.290
-1255.992   0.08  219.295
-1255.767   0.13  219.300
-1255.535   0.15  219.305
-1255.318   0.42  219.310
-1255.120   0.61  219.315
-1254.851   0.57  219.320
-1254.605   0.60  219.325
-1254.395   0.70  219.330
-1254.176   0.68  219.335
-1253.968   0.75  219.340
-1253.745   0.69  219.345
-1253.509   0.60  219.350
-1253.265   0.53  219.355
-1253.040   0.46  219.360
-1252.821   0.24  219.365
-1252.627   0.31  219.370
-1252.397   0.18  219.375
-1252.177   0.07  219.380
-1251.952   0.13  219.385
-1251.728   0.20  219.390
-1251.519   0.19  219.395
-1251.316   0.34  219.400
-1251.080   0.40  219.405
-1250.833   0.43  219.410
-1250.630   0.48  219.415
-1250.440   0.40  219.420
-1250.236   0.43  219.425
-1250.026   0.42  219.430
-1249.793   0.30  219.435
-1249.563   0.18  219.440
-1249.352   0.07  219.445
-1249.131   0.02  219.450
-1248.929   0.04  219.455
-1248.711   0.07  219.460
-1248.480  -0.08  219.465
-1248.236   0.03  219.470
-1248.055   0.19  219.475
-1247.860   0.30  219.480
-1247.643   0.30  219.485
-1247.405   0.33  219.490
-1247.179   0.16  219.495
-1246.958   0.31  219.500
-1246.754   0.20  219.505
-1246.525   0.13  219.510
-1246.297   0.15  219.515
-1246.059   0.11  219.520
-1245.832   0.03  219.525
-1245.605   0.09  219.530
-1245.381   0.11  219.535
-1245.136   0.15  219.540
-1244.904   0.09  219.545
-1244.653   0.21  219.550
-1244.399   0.29  219.555
-1244.168   0.36  219.560
-1243.957   0.45  219.565
-1243.729   0.47  219.570
-1243.476   0.52  219.575
-1243.243   0.44  219.580
-1243.024   0.39  219.585
-1242.803   0.33  219.590
-1242.561   0.22  219.595
-1242.329   0.19  219.600
-1242.106   0.16  219.605
-1241.868   0.17  219.610
-1241.639   0.27  219.615
-1241.422   0.29  219.620
-1241.192   0.43  219.625
-1240.952   0.58  219.630
-1240.673   0.65  219.635
-1240.425   0.60  219.640
-1240.210   0.55  219.645
-1239.997   0.48  219.650
-1239.786   0.38  219.655
-1239.542   0.41  219.660
-1239.324   0.45  219.665
-1239.105   0.45  219.670
-1238.875   0.63  219.675
-1238.638   0.66  219.680
-1238.405   0.77  219.685
-1238.150   0.73  219.690
-1237.925   0.77  219.695
-1237.695   0.78  219.700
-1237.477   0.63  219.705
-1237.257   0.59  219.710
-1237.031   0.62  219.715
-1236.793   0.57  219.720
-1236.562   0.65  219.725
-1236.343   0.53  219.730
-1236.123   0.43  219.735
-1235.887   0.59  219.740
-1235.670   0.47  219.745
-1235.440   0.48  219.750
-1235.204   0.51  219.755
-1234.966   0.56  219.760
-1234.742   0.55  219.765
-1234.512   0.69  219.770
-1234.269   0.60  219.775
-1234.047   0.67  219.780
-1233.828   0.58  219.785
-1233.633   0.51  219.790
-1233.396   0.45  219.795
-1233.152   0.44  219.800
-1232.891   0.34  219.805
-1232.641   0.36  219.810
-1232.416   0.33  219.815
-1232.192   0.50  219.820
-1231.946   0.64  219.825
-1231.713   0.64  219.830
-1231.476   0.69  219.835
-1231.243   0.69  219.840
-1231.027   0.69  219.845
-1230.798   0.80  219.850
-1230.553   0.74  219.855
-1230.307   0.81  219.860
-1230.073   0.88  219.865
-1229.841   0.91  219.870
-1229.594   0.98  219.875
-1229.348   1.04  219.880
-1229.098   1.01  219.885
-1228.852   0.97  219.890
-1228.614   0.96  219.895
-1228.375   1.02  219.900
-1228.168   1.03  219.905
-1227.942   1.04  219.910
-1227.713   1.17  219.915
-1227.465   1.17  219.920
-1227.236   1.19  219.925
-1227.015   1.12  219.930
-1226.797   1.02  219.935
-1226.549   0.95  219.940
-1226.321   0.98  219.945
-1226.097   0.84  219.950
-1225.868   0.83  219.955
-1225.654   0.88  219.960
-1225.434   0.90  219.965
-1225.218   0.96  219.970
-1224.972   1.05  219.975
-1224.750   1.02  219.980
-1224.541   1.10  219.985
-1224.326   1.14  219.990
-1224.101   1.11  219.995
-1223.885   1.03  220.000
-1223.643   1.02  220.005
-1223.419   1.02  220.010
-1223.195   1.02  220.015
-1222.977   0.96  220.020
-1222.739   0.98  220.025
-1222.526   1.01  220.030
-1222.328   1.06  220.035
-1222.133   1.09  220.040
-1221.916   1.17  220.045
-1221.702   1.18  220.050
-1221.470   1.22  220.055
-1221.241   1.17  220.060
-1221.021   1.17  220.065
-1220.817   1.13  220.070
-1220.614   1.07  220.075
-1220.391   0.94  220.080
-1220.141   0.86  220.085
-1219.898   0.81  220.090
-1219.692   0.87  220.095
-1219.480   0.84  220.100
-1219.265   0.88  220.105
-1219.055   1.02  220.110
-1218.844   1.02  220.115
-1218.628   1.02  220.120
-1218.407   1.05  220.125
-1218.217   1.03  220.130
-1218.011   0.99  220.135
-1217.786   0.93  220.140
-1217.573   0.86  220.145
-1217.374   0.98  220.150
-1217.156   1.05  220.155
-1216.954   1.10  220.160
-1216.748   1.07  220.165
-1216.520   1.24  220.170
-1216.284   1.33  220.175
-1216.082   1.29  220.180
-1215.859   1.25  220.185
-1215.617   1.32  220.190
-1215.385   1.38  220.195
-1215.167   1.38  220.200
-1214.931   1.29  220.205
-1214.716   1.20  220.210
-1214.503   1.15  220.215
-1214.284   1.07  220.220
-1214.059   0.94  220.225
-1213.847   0.88  220.230
-1213.650   0.85  220.235
-1213.478   0.88  220.240
-1213.257   1.02  220.245
-1213.030   1.03  220.250
-1212.792   1.04  220.255
-1212.572   1.34  220.260
-1212.359   1.43  220.265
-1212.123   1.48  220.270
-1211.889   1.41  220.275
-1211.643   1.32  220.280
-1211.402   1.34  220.285
-1211.172   1.38  220.290
-1210.947   1.11  220.295
-1210.732   1.07  220.300
-1210.489   1.23  220.305
-1210.259   1.32  220.310
-1210.005   1.48  220.315
-1209.795   1.55  220.320
-1209.591   1.69  220.325
-1209.371   1.84  220.330
-1209.144   1.75  220.335
-1208.916   1.61  220.340
-1208.692   1.53  220.345
-1208.474   1.49  220.350
-1208.246   1.48  220.355
-1208.030   1.40  220.360
-1207.812   1.45  220.365
-1207.578   1.42  220.370
-1207.364   1.54  220.375
-1207.150   1.58  220.380
-1206.924   1.50  220.385
-1206.671   1.48  220.390
-1206.434   1.39  220.395
-1206.232   1.24  220.400
-1206.026   1.26  220.405
-1205.810   1.16  220.410
-1205.594   1.19  220.415
-1205.348   1.23  220.420
-1205.141   1.31  220.425
-1204.881   1.42  220.430
-1204.688   1.48  220.435
-1204.474   1.67  220.440
-1204.251   1.69  220.445
-1204.018   1.72  220.450
-1203.783   1.67  220.455
-1203.569   1.59  220.460
-1203.344   1.61  220.465
-1203.145   1.65  220.470
-1202.905   1.57  220.475
-1202.678   1.54  220.480
-1202.461   1.46  220.485
-1202.256   1.45  220.490
-1202.031   1.45  220.495
-1201.814   1.34  220.500
-1201.573   1.25  220.505
-1201.347   1.25  220.510
-1201.134   1.27  220.515
-1200.917   1.34  220.520
-1200.700   1.42  220.525
-1200.477   1.42  220.530
-1200.221   1.52  220.535
-1199.995   1.59  220.540
-1199.804   1.54  220.545
-1199.599   1.63  220.550
-1199.377   1.62  220.555
-1199.136   1.63  220.560
-1198.928   1.66  220.565
-1198.725   1.56  220.570
-1198.528   1.65  220.575
-1198.299   1.70  220.580
-1198.126   1.66  220.585
-1197.868   1.64  220.590
-1197.635   1.65  220.595
-1197.411   1.73  220.600
-1197.204   1.86  220.605
-1196.982   1.82  220.610
-1196.764   1.78  220.615
-1196.526   1.74  220.620
-1196.302   1.78  220.625
-1196.093   1.73  220.630
-1195.886   1.75  220.635
-1195.659   1.67  220.640
-1195.410   1.69  220.645
-1195.181   1.66  220.650
-1194.951   1.65  220.655
-1194.748   1.69  220.660
-1194.530   1.70  220.665
-1194.297   1.75  220.670
-1194.053   1.85  220.675
-1193.831   1.92  220.680
-1193.613   2.00  220.685
-1193.409   2.02  220.690
-1193.180   2.01  220.695
-1192.958   2.06  220.700
-1192.706   2.06  220.705
-1192.485   1.93  220.710
-1192.282   1.86  220.715
-1192.073   1.94  220.720
-1191.825   1.94  220.725
-1191.596   1.98  220.730
-1191.356   2.01  220.735
-1191.132   1.90  220.740
-1190.927   2.03  220.745
-1190.734   1.98  220.750
-1190.530   1.90  220.755
-1190.319   1.99  220.760
-1190.118   1.92  220.765
-1189.897   1.82  220.770
-1189.697   1.85  220.775
-1189.489   1.84  220.780
-1189.273   1.81  220.785
-1189.045   1.90  220.790
-1188.835   1.84  220.795
-1188.643   1.83  220.800
-1188.473   1.78  220.805
-1188.271   1.80  220.810
-1188.052   1.83  220.815
-1187.813   1.93  220.820
-1187.604   1.96  220.825
-1187.388   2.00  220.830
-1187.184   2.06  220.835
-1186.948   2.10  220.840
-1186.725   2.12  220.845
-1186.505   2.04  220.850
-1186.268   2.08  220.855
-1186.061   2.04  220.860
-1185.849   2.06  220.865
-1185.624   2.02  220.870
-1185.377   2.13  220.875
-1185.168   2.16  220.880
-1184.955   2.17  220.885
-1184.752   2.06  220.890
-1184.525   2.05  220.895
-1184.310   2.03  220.900
-1184.056   2.21  220.905
-1183.813   2.36  220.910
-1183.583   2.47  220.915
-1183.352   2.64  220.920
-1183.127   2.66  220.925
-1182.897   2.61  220.930
-1182.654   2.60  220.935
-1182.419   2.43  220.940
-1182.193   2.32  220.945
-1181.975   2.24  220.950
-1181.686   2.17  220.955
-1181.417   2.24  220.960
-1181.184   2.25  220.965
-1180.955   2.31  220.970
-1180.742   2.33  220.975
-1180.496   2.25  220.980
-1180.270   2.28  220.985
-1180.014   2.28  220.990
-1179.784   2.33  220.995
-1179.552   2.30  221.000
-1179.331   2.19  221.005
-1179.099   2.21  221.010
-1178.860   2.31  221.015
-1178.598   2.27  221.020
-1178.343   2.22  221.025
-1178.111   2.12  221.030
-1177.879   2.10  221.035
-1177.638   2.20  221.040
-1177.408   2.17  221.045
-1177.172   2.07  221.050
-1176.938   2.02  221.055
-1176.717   1.99  221.060
-1176.505   2.00  221.065
-1176.259   2.03  221.070
-1176.013   1.97  221.075
-1175.790   2.06  221.080
-1175.583   2.14  221.085
-1175.373   2.13  221.090
-1175.147   2.16  221.095
-1174.916   2.10  221.100
-1174.680   2.16  221.105
-1174.505   2.20  221.110
-1174.318   2.15  221.115
-1174.102   2.29  221.120
-1173.862   2.34  221.125
-1173.641   2.35  221.130
-1173.435   2.44  221.135
-1173.227   2.42  221.140
-1173.017   2.44  221.145
-1172.800   2.41  221.150
-1172.578   2.24  221.155
-1172.352   2.23  221.160
-1172.129   2.32  221.165
-1171.919   2.38  221.170
-1171.700   2.42  221.175
-1171.486   2.46  221.180
-1171.268   2.47  221.185
-1171.038   2.49  221.190
-1170.824   2.55  221.195
-1170.610   2.48  221.200
-1170.401   2.49  221.205
-1170.185   2.48  221.210
-1169.973   2.37  221.215
-1169.729   2.36  221.220
-1169.525   2.35  221.225
-1169.322   2.33  221.230
-1169.102   2.39  221.235
-1168.859   2.42  221.240
-1168.636   2.38  221.245
-1168.433   2.51  221.250
-1168.238   2.53  221.255
-1168.008   2.62  221.260
-1167.770   2.68  221.265
-1167.516   2.59  221.270
-1167.284   2.55  221.275
-1167.085   2.68  221.280
-1166.879   2.63  221.285
-1166.647   2.60  221.290
-1166.418   2.60  221.295
-1166.199   2.66  221.300
-1165.989   2.72  221.305
-1165.778   2.67  221.310
-1165.553   2.62  221.315
-1165.333   2.62  221.320
-1165.113   2.80  221.325
-1164.908   2.85  221.330
-1164.708   2.78  221.335
-1164.504   2.79  221.340
-1164.281   2.88  221.345
-1164.055   2.84  221.350
-1163.820   2.82  221.355
-1163.603   2.69  221.360
-1163.392   2.60  221.365
-1163.178   2.62  221.370
-1162.969   2.64  221.375
-1162.747   2.64  221.380
-1162.532   2.69  221.385
-1162.318   2.80  221.390
-1162.117   2.79  221.395
-1161.903   2.81  221.400
-1161.664   2.72  221.405
-1161.426   2.69  221.410
-1161.229   2.62  221.415
-1161.037   2.66  221.420
-1160.831   2.62  221.425
-1160.611   2.65  221.430
-1160.349   2.64  221.435
-1160.108   2.75  221.440
-1159.888   2.79  221.445
-1159.681   2.85  221.450
-1159.472   2.79  221.455
-1159.241   2.74  221.460
-1159.008   2.74  221.465
-1158.796   2.73  221.470
-1158.579   2.74  221.475
-1158.351   2.76  221.480
-1158.129   2.71  221.485
-1157.885   2.78  221.490
-1157.643   2.87  221.495
-1157.442   2.90  221.500
-1157.255   3.01  221.505
-1157.046   2.97  221.510
-1156.840   2.94  221.515
-1156.596   2.97  221.520
-1156.369   2.96  221.525
-1156.162   2.94  221.530
-1155.955   3.02  221.535
-1155.725   3.00  221.540
-1155.497   3.00  221.545
-1155.255   2.92  221.550
-1155.027   2.95  221.555
-1154.802   2.97  221.560
-1154.586   3.04  221.565
-1154.351   3.05  221.570
-1154.105   3.05  221.575
-1153.881   3.16  221.580
-1153.663   3.36  221.585
-1153.482   3.39  221.590
-1153.257   3.44  221.595
-1153.033   3.50  221.600
-1152.779   3.49  221.605
-1152.537   3.48  221.610
-1152.309   3.37  221.615
-1152.095   3.38  221.620
-1151.842   3.44  221.625
-1151.612   3.51  221.630
-1151.373   3.43  221.635
-1151.132   3.39  221.640
-1150.913   3.48  221.645
-1150.699   3.58  221.650
-1150.471   3.55  221.655
-1150.215   3.52  221.660
-1149.995   3.52  221.665
-1149.761   3.53  221.670
-1149.556   3.61  221.675
-1149.331   3.56  221.680
-1149.100   3.55  221.685
-1148.860   3.53  221.690
-1148.642   3.58  221.695
-1148.437   3.45  221.700
-1148.240   3.43  221.705
-1148.023   3.35  221.710
-1147.813   3.55  221.715
-1147.590   3.54  221.720
-1147.369   3.69  221.725
-1147.184   3.71  221.730
-1146.985   3.68  221.735
-1146.757   3.65  221.740
-1146.536   3.72  221.745
-1146.327   3.56  221.750
-1146.114   3.60  221.755
-1145.912   3.48  221.760
-1145.712   3.38  221.765
-1145.478   3.48  221.770
-1145.249   3.54  221.775
-1145.063   3.59  221.780
-1144.859   3.64  221.785
-1144.656   3.69  221.790
-1144.439   3.66  221.795
-1144.218   3.73  221.800
-1143.989   3.74  221.805
-1143.754   3.75  221.810
-1143.529   3.71  221.815
-1143.298   3.72  221.820
-1143.050   3.69  221.825
-1142.815   3.79  221.830
-1142.566   3.87  221.835
-1142.333   3.85  221.840
-1142.120   3.98  221.845
-1141.906   4.01  221.850
-1141.644   4.02  221.855
-1141.400   4.01  221.860
-1141.167   3.93  221.865
-1140.932   3.90  221.870
-1140.679   4.02  221.875
-1140.438   3.99  221.880
-1140.160   4.00  221.885
-1139.886   4.08  221.890
-1139.649   4.13  221.895
-1139.405   4.20  221.900
-1139.161   4.24  221.905
-1138.914   4.16  221.910
-1138.671   4.16  221.915
-1138.419   4.16  221.920
-1138.192   3.99  221.925
-1137.967   4.00  221.930
-1137.721   3.98  221.935
-1137.478   4.01  221.940
-1137.245   4.09  221.945
-1137.010   4.08  221.950
-1136.800   4.10  221.955
-1136.568   4.21  221.960
-1136.333   4.26  221.965
-1136.085   4.33  221.970
-1135.838   4.32  221.975
-1135.615   4.33  221.980
-1135.389   4.36  221.985
-1135.164   4.43  221.990
-1134.925   4.49  221.995
-1134.658   4.42  222.000
-1134.386   4.44  222.005
-1134.158   4.47  222.010
-1133.920   4.47  222.015
-1133.677   4.47  222.020
-1133.440   4.47  222.025
-1133.229   4.44  222.030
-1133.018   4.39  222.035
-1132.809   4.45  222.040
-1132.593   4.45  222.045
-1132.362   4.45  222.050
-1132.110   4.46  222.055
-1131.870   4.43  222.060
-1131.666   4.42  222.065
-1131.446   4.53  222.070
-1131.206   4.52  222.075
-1130.985   4.51  222.080
-1130.741   4.46  222.085
-1130.502   4.44  222.090
-1130.253   4.44  222.095
-1130.032   4.55  222.100
-1129.807   4.56  222.105
-1129.552   4.48  222.110
-1129.315   4.50  222.115
-1129.076   4.54  222.120
-1128.860   4.57  222.125
-1128.647   4.62  222.130
-1128.426   4.60  222.135
-1128.187   4.58  222.140
-1127.966   4.66  222.145
-1127.749   4.68  222.150
-1127.551   4.69  222.155
-1127.325   4.72  222.160
-1127.112   4.63  222.165
-1126.869   4.59  222.170
-1126.646   4.66  222.175
-1126.409   4.70  222.180
-1126.190   4.81  222.185
-1125.944   4.94  222.190
-1125.704   4.95  222.195
-1125.468   5.05  222.200
-1125.241   5.08  222.205
-1125.031   5.06  222.210
-1124.828   5.04  222.215
-1124.573   4.95  222.220
-1124.345   4.87  222.225
-1124.148   5.00  222.230
-1123.939   5.01  222.235
-1123.716   4.99  222.240
-1123.487   5.00  222.245
-1123.269   5.01  222.250
-1123.014   5.04  222.255
-1122.778   5.08  222.260
-1122.551   5.02  222.265
-1122.330   4.99  222.270
-1122.098   5.04  222.275
-1121.860   5.10  222.280
-1121.600   5.20  222.285
-1121.350   5.24  222.290
-1121.114   5.23  222.295
-1120.879   5.21  222.300
-1120.605   5.33  222.305
-1120.356   5.33  222.310
-1120.150   5.28  222.315
-1119.910   5.22  222.320
-1119.686   5.22  222.325
-1119.450   5.21  222.330
-1119.212   5.20  222.335
-1118.951   5.14  222.340
-1118.720   5.17  222.345
-1118.506   5.20  222.350
-1118.292   5.24  222.355
-1118.056   5.21  222.360
-1117.831   5.24  222.365
-1117.588   5.30  222.370
-1117.359   5.25  222.375
-1117.131   5.31  222.380
-1116.889   5.30  222.385
-1116.622   5.32  222.390
-1116.380   5.36  222.395
-1116.167   5.42  222.400
-1115.965   5.45  222.405
-1115.737   5.58  222.410
-1115.508   5.54  222.415
-1115.273   5.52  222.420
-1115.035   5.48  222.425
-1114.812   5.51  222.430
-1114.600   5.49  222.435
-1114.389   5.46  222.440
-1114.166   5.43  222.445
-1113.929   5.57  222.450
-1113.688   5.66  222.455
-1113.491   5.81  222.460
-1113.272   5.86  222.465
-1113.027   5.97  222.470
-1112.784   6.03  222.475
-1112.559   6.12  222.480
-1112.331   6.07  222.485
-1112.114   5.89  222.490
-1111.904   5.81  222.495
-1111.690   5.80  222.500
-1111.445   5.77  222.505
-1111.208   5.78  222.510
-1110.996   5.78  222.515
-1110.795   5.82  222.520
-1110.565   6.04  222.525
-1110.347   6.12  222.530
-1110.108   6.14  222.535
-1109.873   6.14  222.540
-1109.677   6.18  222.545
-1109.473   6.20  222.550
-1109.226   6.17  222.555
-1108.969   6.14  222.560
-1108.738   6.15  222.565
-1108.501   6.14  222.570
-1108.279   6.10  222.575
-1108.065   6.10  222.580
-1107.854   6.05  222.585
-1107.599   6.11  222.590
-1107.385   6.25  222.595
-1107.182   6.24  222.600
-1106.994   6.31  222.605
-1106.773   6.39  222.610
-1106.542   6.45  222.615
-1106.311   6.51  222.620
-1106.090   6.50  222.625
-1105.882   6.46  222.630
-1105.670   6.47  222.635
-1105.435   6.47  222.640
-1105.226   6.49  222.645
-1105.018   6.45  222.650
-1104.786   6.43  222.655
-1104.566   6.46  222.660
-1104.353   6.42  222.665
-1104.130   6.42  222.670
-1103.876   6.41  222.675
-1103.659   6.46  222.680
-1103.444   6.52  222.685
-1103.229   6.54  222.690
-1102.989   6.51  222.695
-1102.755   6.55  222.700
-1102.516   6.55  222.705
-1102.311   6.55  222.710
-1102.106   6.51  222.715
-1101.915   6.52  222.720
-1101.708   6.49  222.725
-1101.486   6.49  222.730
-1101.255   6.47  222.735
-1101.028   6.53  222.740
-1100.823   6.49  222.745
-1100.595   6.48  222.750
-1100.344   6.39  222.755
-1100.087   6.43  222.760
-1099.846   6.47  222.765
-1099.638   6.43  222.770
-1099.403   6.35  222.775
-1099.163   6.36  222.780
-1098.919   6.34  222.785
-1098.674   6.37  222.790
-1098.456   6.36  222.795
-1098.217   6.32  222.800
-1097.963   6.37  222.805
-1097.716   6.36  222.810
-1097.485   6.41  222.815
-1097.224   6.40  222.820
-1096.967   6.37  222.825
-1096.725   6.35  222.830
-1096.484   6.38  222.835
-1096.228   6.35  222.840
-1095.978   6.44  222.845
-1095.742   6.46  222.850
-1095.483   6.61  222.855
-1095.253   6.73  222.860
-1095.009   6.82  222.865
-1094.752   6.86  222.870
-1094.510   6.90  222.875
-1094.288   6.97  222.880
-1094.064   6.95  222.885
-1093.824   6.86  222.890
-1093.577   6.91  222.895
-1093.335   6.86  222.900
-1093.090   6.86  222.905
-1092.864   6.96  222.910
-1092.647   6.97  222.915
-1092.437   7.01  222.920
-1092.196   7.12  222.925
-1091.972   7.01  222.930
-1091.755   7.06  222.935
-1091.539   7.20  222.940
-1091.300   7.19  222.945
-1091.057   7.17  222.950
-1090.805   7.23  222.955
-1090.567   7.14  222.960
-1090.348   7.21  222.965
-1090.114   7.22  222.970
-1089.896   7.07  222.975
-1089.680   7.07  222.980
-1089.448   7.03  222.985
-1089.211   7.04  222.990
-1089.001   7.10  222.995
-1088.806   7.07  223.000
-1088.592   7.03  223.005
-1088.385   7.09  223.010
-1088.149   7.09  223.015
-1087.911   7.15  223.020
-1087.685   7.08  223.025
-1087.452   7.03  223.030
-1087.219   7.06  223.035
-1086.970   7.14  223.040
-1086.754   7.16  223.045
-1086.533   7.16  223.050
-1086.312   7.26  223.055
-1086.077   7.32  223.060
-1085.846   7.43  223.065
-1085.590   7.50  223.070
-1085.357   7.55  223.075
-1085.135   7.65  223.080
-1084.913   7.69  223.085
-1084.658   7.62  223.090
-1084.423   7.70  223.095
-1084.193   7.71  223.100
-1083.980   7.68  223.105
-1083.756   7.60  223.110
-1083.538   7.47  223.115
-1083.294   7.48  223.120
-1083.069   7.46  223.125
-1082.857   7.45  223.130
-1082.633   7.42  223.135
-1082.422   7.43  223.140
-1082.199   7.49  223.145
-1081.959   7.57  223.150
-1081.715   7.55  223.155
-1081.482   7.56  223.160
-1081.273   7.53  223.165
-1081.063   7.60  223.170
-1080.826   7.72  223.175
-1080.602   7.78  223.180
-1080.340   7.85  223.185
-1080.096   7.89  223.190
-1079.882   7.94  223.195
-1079.655   8.02  223.200
-1079.424   8.02  223.205
-1079.189   7.98  223.210
-1078.972   7.98  223.215
-1078.756   7.92  223.220
-1078.535   7.96  223.225
-1078.300   8.05  223.230
-1078.055   8.09  223.235
-1077.812   8.05  223.240
-1077.602   8.02  223.245
-1077.383   8.03  223.250
-1077.182   8.07  223.255
-1076.950   8.04  223.260
-1076.729   8.00  223.265
-1076.492   7.93  223.270
-1076.287   7.96  223.275
-1076.062   8.02  223.280
-1075.829   8.01  223.285
-1075.597   8.05  223.290
-1075.375   8.12  223.295
-1075.161   8.13  223.300
-1074.949   8.14  223.305
-1074.714   8.16  223.310
-1074.491   8.23  223.315
-1074.239   8.28  223.320
-1073.994   8.31  223.325
-1073.777   8.32  223.330
-1073.570   8.41  223.335
-1073.352   8.43  223.340
-1073.125   8.47  223.345
-1072.884   8.47  223.350
-1072.643   8.47  223.355
-1072.412   8.48  223.360
-1072.193   8.51  223.365
-1071.976   8.52  223.370
-1071.728   8.52  223.375
-1071.512   8.51  223.380
-1071.287   8.48  223.385
-1071.073   8.50  223.390
-1070.859   8.56  223.395
-1070.650   8.58  223.400
-1070.414   8.59  223.405
-1070.169   8.61  223.410
-1069.934   8.62  223.415
-1069.731   8.71  223.420
-1069.502   8.72  223.425
-1069.252   8.66  223.430
-1068.990   8.65  223.435
-1068.743   8.66  223.440
-1068.516   8.71  223.445
-1068.281   8.81  223.450
-1068.038   8.84  223.455
-1067.794   8.85  223.460
-1067.563   8.94  223.465
-1067.332   8.99  223.470
-1067.111   8.99  223.475
-1066.897   9.02  223.480
-1066.671   9.03  223.485
-1066.410   8.94  223.490
-1066.187   8.99  223.495
-1065.956   8.93  223.500
-1065.745   8.94  223.505
-1065.511   9.00  223.510
-1065.276   9.05  223.515
-1065.008   9.08  223.520
-1064.745   9.20  223.525
-1064.501   9.27  223.530
-1064.262   9.33  223.535
-1064.006   9.35  223.540
-1063.750   9.34  223.545
-1063.459   9.32  223.550
-1063.186   9.38  223.555
-1062.939   9.40  223.560
-1062.710   9.43  223.565
-1062.484   9.51  223.570
-1062.208   9.53  223.575
-1061.968   9.54  223.580
-1061.744   9.58  223.585
-1061.537   9.58  223.590
-1061.299   9.59  223.595
-1061.047   9.61  223.600
-1060.775   9.60  223.605
-1060.529   9.56  223.610
-1060.286   9.60  223.615
-1060.049   9.62  223.620
-1059.802   9.63  223.625
-1059.547   9.63  223.630
-1059.254   9.58  223.635
-1059.001   9.62  223.640
-1058.768   9.71  223.645
-1058.545   9.76  223.650
-1058.283   9.76  223.655
-1058.013   9.78  223.660
-1057.771   9.87  223.665
-1057.527   9.95  223.670
-1057.302   9.94  223.675
-1057.061   9.95  223.680
-1056.819   9.98  223.685
-1056.577  10.01  223.690
-1056.364   9.99  223.695
-1056.127   9.94  223.700
-1055.934   9.92  223.705
-1055.690   9.91  223.710
-1055.433   9.95  223.715
-1055.165   9.97  223.720
-1054.907  10.00  223.725
-1054.679  10.07  223.730
-1054.436  10.10  223.735
-1054.178  10.17  223.740
-1053.922  10.27  223.745
-1053.657  10.33  223.750
-1053.400  10.35  223.755
-1053.176  10.36  223.760
-1052.938  10.40  223.765
-1052.684  10.43  223.770
-1052.431  10.41  223.775
-1052.172  10.46  223.780
-1051.924  10.52  223.785
-1051.714  10.53  223.790
-1051.470  10.58  223.795
-1051.218  10.56  223.800
-1050.931  10.57  223.805
-1050.679  10.64  223.810
-1050.447  10.63  223.815
-1050.210  10.69  223.820
-1049.951  10.71  223.825
-1049.694  10.71  223.830
-1049.439  10.77  223.835
-1049.193  10.82  223.840
-1048.938  10.83  223.845
-1048.685  10.85  223.850
-1048.426  10.81  223.855
-1048.153  10.88  223.860
-1047.884  10.93  223.865
-1047.643  10.92  223.870
-1047.403  10.95  223.875
-1047.178  10.99  223.880
-1046.928  11.05  223.885
-1046.678  11.09  223.890
-1046.459  11.11  223.895
-1046.226  11.10  223.900
-1046.011  11.11  223.905
-1045.771  11.13  223.910
-1045.529  11.12  223.915
-1045.265  11.14  223.920
-1045.031  11.18  223.925
-1044.785  11.20  223.930
-1044.557  11.26  223.935
-1044.315  11.31  223.940
-1044.074  11.29  223.945
-1043.850  11.36  223.950
-1043.610  11.29  223.955
-1043.390  11.25  223.960
-1043.181  11.23  223.965
-1042.922  11.24  223.970
-1042.651  11.29  223.975
-1042.419  11.36  223.980
-1042.209  11.35  223.985
-1042.000  11.48  223.990
-1041.772  11.53  223.995
-1041.540  11.57  224.000
-1041.304  11.60  224.005
-1041.083  11.56  224.010
-1040.874  11.59  224.015
-1040.676  11.62  224.020
-1040.452  11.59  224.025
-1040.217  11.61  224.030
-1039.961  11.63  224.035
-1039.720  11.64  224.040
-1039.495  11.73  224.045
-1039.261  11.76  224.050
-1039.000  11.76  224.055
-1038.753  11.71  224.060
-1038.550  11.61  224.065
-1038.326  11.54  224.070
-1038.105  11.44  224.075
-1037.866  11.30  224.080
-1037.636  11.24  224.085
-1037.402  11.15  224.090
-1037.183  11.17  224.095
-1036.964  11.25  224.100
-1036.727  11.25  224.105
-1036.497  11.24  224.110
-1036.266  11.28  224.115
-1036.014  11.29  224.120
-1035.794  11.24  224.125
-1035.591  11.18  224.130
-1035.383  11.14  224.135
-1035.126  11.19  224.140
-1034.884  11.29  224.145
-1034.632  11.30  224.150
-1034.390  11.26  224.155
-1034.156  11.35  224.160
-1033.933  11.43  224.165
-1033.676  11.48  224.170
-1033.433  11.48  224.175
-1033.185  11.46  224.180
-1032.958  11.51  224.185
-1032.703  11.54  224.190
-1032.461  11.57  224.195
-1032.215  11.56  224.200
-1031.959  11.57  224.205
-1031.737  11.64  224.210
-1031.515  11.70  224.215
-1031.260  11.70  224.220
-1031.003  11.74  224.225
-1030.781  11.81  224.230
-1030.565  11.86  224.235
-1030.348  11.89  224.240
-1030.130  11.86  224.245
-1029.909  11.91  224.250
-1029.680  11.97  224.255
-1029.474  12.04  224.260
-1029.221  12.02  224.265
-1028.979  12.01  224.270
-1028.770  12.05  224.275
-1028.547  12.10  224.280
-1028.297  12.12  224.285
-1028.048  12.12  224.290
-1027.837  12.12  224.295
-1027.609  12.16  224.300
-1027.401  12.15  224.305
-1027.185  12.14  224.310
-1026.978  12.13  224.315
-1026.739  12.11  224.320
-1026.538  12.13  224.325
-1026.337  12.11  224.330
-1026.133  12.16  224.335
-1025.905  12.24  224.340
-1025.703  12.32  224.345
-1025.481  12.37  224.350
-1025.242  12.40  224.355
-1025.025  12.42  224.360
-1024.825  12.45  224.365
-1024.583  12.41  224.370
-1024.355  12.40  224.375
-1024.112  12.39  224.380
-1023.878  12.38  224.385
-1023.645  12.41  224.390
-1023.421  12.44  224.395
-1023.164  12.54  224.400
-1022.915  12.56  224.405
-1022.653  12.65  224.410
-1022.384  12.69  224.415
-1022.172  12.73  224.420
-1021.961  12.78  224.425
-1021.715  12.86  224.430
-1021.469  12.84  224.435
-1021.249  12.93  224.440
-1021.017  12.96  224.445
-1020.791  12.93  224.450
-1020.552  12.97  224.455
-1020.323  13.01  224.460
-1020.079  12.99  224.465
-1019.823  13.03  224.470
-1019.596  13.02  224.475
-1019.362  13.05  224.480
-1019.092  13.15  224.485
-1018.837  13.22  224.490
-1018.580  13.25  224.495
-1018.330  13.31  224.500
-1018.102  13.34  224.505
-1017.884  13.37  224.510
-1017.637  13.38  224.515
-1017.367  13.39  224.520
-1017.136  13.38  224.525
-1016.908  13.42  224.530
-1016.701  13.42  224.535
-1016.466  13.47  224.540
-1016.219  13.50  224.545
-1015.969  13.55  224.550
-1015.755  13.66  224.555
-1015.528  13.74  224.560
-1015.322  13.76  224.565
-1015.093  13.83  224.570
-1014.850  13.84  224.575
-1014.603  13.88  224.580
-1014.367  13.94  224.585
-1014.145  13.88  224.590
-1013.916  13.87  224.595
-1013.676  13.88  224.600
-1013.412  13.93  224.605
-1013.164  13.94  224.610
-1012.902  13.93  224.615
-1012.673  13.91  224.620
-1012.441  13.98  224.625
-1012.205  13.99  224.630
-1011.957  14.05  224.635
-1011.750  14.09  224.640
-1011.539  14.16  224.645
-1011.338  14.26  224.650
-1011.116  14.28  224.655
-1010.892  14.26  224.660
-1010.650  14.28  224.665
-1010.428  14.23  224.670
-1010.211  14.21  224.675
-1009.994  14.21  224.680
-1009.751  14.18  224.685
-1009.512  14.22  224.690
-1009.269  14.29  224.695
-1009.048  14.34  224.700
-1008.823  14.42  224.705
-1008.587  14.44  224.710
-1008.331  14.44  224.715
-1008.077  14.46  224.720
-1007.853  14.49  224.725
-1007.636  14.50  224.730
-1007.404  14.52  224.735
-1007.184  14.53  224.740
-1006.944  14.55  224.745
-1006.701  14.59  224.750
-1006.466  14.62  224.755
-1006.261  14.66  224.760
-1006.056  14.72  224.765
-1005.852  14.72  224.770
-1005.622  14.71  224.775
-1005.383  14.76  224.780
-1005.141  14.70  224.785
-1004.922  14.73  224.790
-1004.701  14.74  224.795
-1004.444  14.74  224.800
-1004.202  14.82  224.805
-1003.957  14.93  224.810
-1003.714  14.96  224.815
-1003.488  15.11  224.820
-1003.267  15.17  224.825
-1003.051  15.21  224.830
-1002.807  15.23  224.835
-1002.578  15.27  224.840
-1002.370  15.27  224.845
-1002.147  15.29  224.850
-1001.908  15.30  224.855
-1001.667  15.31  224.860
-1001.424  15.34  224.865
-1001.200  15.36  224.870
-1000.983  15.35  224.875
-1000.759  15.36  224.880
-1000.521  15.38  224.885
-1000.291  15.40  224.890
-1000.056  15.43  224.895
 -999.824  15.47  224.900
 -999.598  15.49  224.905
 -999.383  15.53  224.910
 -999.127  15.57  224.915
 -998.871  15.57  224.920
 -998.654  15.62  224.925
 -998.428  15.65  224.930
 -998.192  15.67  224.935
 -997.956  15.68  224.940
 -997.700  15.72  224.945
 -997.439  15.77  224.950
 -997.219  15.88  224.955
 -996.996  15.92  224.960
 -996.788  15.95  224.965
 -996.547  15.99  224.970
 -996.310  16.03  224.975
 -996.040  16.02  224.980
 -995.773  16.10  224.985
 -995.530  16.14  224.990
 -995.303  16.15  224.995
 -995.027  16.21  225.000
 -994.771  16.23  225.005
 -994.536  16.28  225.010
 -994.297  16.35  225.015
 -994.034  16.31  225.020
 -993.786  16.29  225.025
 -993.507  16.34  225.030
 -993.239  16.34  225.035
 -992.999  16.37  225.040
 -992.771  16.36  225.045
 -992.513  16.37  225.050
 -992.275  16.42  225.055
 -992.019  16.50  225.060
 -991.761  16.52  225.065
 -991.527  16.55  225.070
 -991.310  16.59  225.075
 -991.062  16.65  225.080
 -990.805  16.70  225.085
 -990.565  16.70  225.090
 -990.341  16.64  225.095
 -990.109  16.63  225.100
 -989.859  16.65  225.105
 -989.614  16.65  225.110
 -989.337  16.65  225.115
 -989.063  16.68  225.120
 -988.823  16.74  225.125
 -988.579  16.79  225.130
 -988.335  16.87  225.135
 -988.099  16.93  225.140
 -987.854  17.00  225.145
 -987.599  17.07  225.150
 -987.377  17.08  225.155
 -987.159  17.13  225.160
 -986.912  17.17  225.165
 -986.666  17.19  225.170
 -986.448  17.21  225.175
 -986.211  17.21  225.180
 -986.001  17.21  225.185
 -985.781  17.27  225.190
 -985.536  17.31  225.195
 -985.278  17.36  225.200
 -985.049  17.40  225.205
 -984.812  17.46  225.210
 -984.592  17.49  225.215
 -984.350  17.53  225.220
 -984.121  17.58  225.225
 -983.863  17.59  225.230
 -983.618  17.64  225.235
 -983.398  17.65  225.240
 -983.175  17.68  225.245
 -982.917  17.73  225.250
 -982.672  17.81  225.255
 -982.431  17.81  225.260
 -982.194  17.86  225.265
 -981.971  17.87  225.270
 -981.761  17.91  225.275
 -981.543  17.94  225.280
 -981.306  17.98  225.285
 -981.095  18.01  225.290
 -980.875  18.08  225.295
 -980.656  18.12  225.300
 -980.423  18.16  225.305
 -980.188  18.21  225.310
 -979.934  18.27  225.315
 -979.702  18.31  225.320
 -979.472  18.35  225.325
 -979.258  18.37  225.330
 -979.035  18.38  225.335
 -978.796  18.40  225.340
 -978.540  18.43  225.345
 -978.314  18.42  225.350
 -978.095  18.48  225.355
 -977.869  18.50  225.360
 -977.628  18.50  225.365
 -977.380  18.55  225.370
 -977.142  18.59  225.375
 -976.900  18.59  225.380
 -976.680  18.59  225.385
 -976.448  18.55  225.390
 -976.195  18.58  225.395
 -975.938  18.62  225.400
 -975.708  18.66  225.405
 -975.477  18.67  225.410
 -975.259  18.72  225.415
 -975.011  18.80  225.420
 -974.767  18.81  225.425
 -974.510  18.81  225.430
 -974.258  18.82  225.435
 -974.012  18.84  225.440
 -973.775  18.86  225.445
 -973.521  18.87  225.450
 -973.267  18.91  225.455
 -973.030  19.01  225.460
 -972.791  19.05  225.465
 -972.567  19.11  225.470
 -972.334  19.15  225.475
 -972.095  19.22  225.480
 -971.841  19.28  225.485
 -971.605  19.34  225.490
 -971.381  19.39  225.495
 -971.160  19.40  225.500
 -970.914  19.44  225.505
 -970.663  19.49  225.510
 -970.415  19.55  225.515
 -970.181  19.58  225.520
 -969.951  19.59  225.525
 -969.738  19.61  225.530
 -969.489  19.66  225.535
 -969.251  19.71  225.540
 -968.994  19.73  225.545
 -968.762  19.74  225.550
 -968.539  19.76  225.555
 -968.311  19.81  225.560
 -968.067  19.83  225.565
 -967.829  19.85  225.570
 -967.602  19.89  225.575
 -967.378  19.92  225.580
 -967.147  19.94  225.585
 -966.907  19.98  225.590
 -966.676  19.99  225.595
 -966.429  20.02  225.600
 -966.180  20.06  225.605
 -965.951  20.07  225.610
 -965.708  20.08  225.615
 -965.478  20.11  225.620
 -965.248  20.12  225.625
 -964.978  20.18  225.630
 -964.730  20.26  225.635
 -964.495  20.30  225.640
 -964.270  20.36  225.645
 -964.018  20.42  225.650
 -963.767  20.48  225.655
 -963.529  20.56  225.660
 -963.283  20.59  225.665
 -963.042  20.61  225.670
 -962.798  20.62  225.675
 -962.539  20.65  225.680
 -962.265  20.70  225.685
 -962.027  20.70  225.690
 -961.782  20.74  225.695
 -961.548  20.76  225.700
 -961.300  20.76  225.705
 -961.040  20.83  225.710
 -960.774  20.88  225.715
 -960.538  20.89  225.720
 -960.297  20.94  225.725
 -960.067  20.95  225.730
 -959.813  21.00  225.735
 -959.564  21.10  225.740
 -959.301  21.14  225.745
 -959.057  21.17  225.750
 -958.820  21.23  225.755
 -958.598  21.28  225.760
 -958.336  21.34  225.765
 -958.088  21.38  225.770
 -957.840  21.36  225.775
 -957.611  21.37  225.780
 -957.394  21.39  225.785
 -957.159  21.43  225.790
 -956.913  21.46  225.795
 -956.651  21.50  225.800
 -956.418  21.54  225.805
 -956.196  21.58  225.810
 -955.974  21.62  225.815
 -955.742  21.68  225.820
 -955.501  21.72  225.825
 -955.246  21.74  225.830
 -955.028  21.74  225.835
 -954.823  21.74  225.840
 -954.598  21.81  225.845
 -954.343  21.85  225.850
 -954.101  21.87  225.855
 -953.875  21.88  225.860
 -953.666  21.93  225.865
 -953.440  21.96  225.870
 -953.201  21.97  225.875
 -952.949  21.98  225.880
 -952.696  22.02  225.885
 -952.478  22.07  225.890
 -952.261  22.11  225.895
 -952.043  22.16  225.900
 -951.803  22.18  225.905
 -951.547  22.26  225.910
 -951.288  22.30  225.915
 -951.063  22.35  225.920
 -950.845  22.37  225.925
 -950.616  22.39  225.930
 -950.354  22.40  225.935
 -950.124  22.43  225.940
 -949.896  22.47  225.945
 -949.677  22.51  225.950
 -949.445  22.49  225.955
 -949.216  22.50  225.960
 -948.969  22.52  225.965
 -948.713  22.58  225.970
 -948.486  22.64  225.975
 -948.260  22.67  225.980
 -948.042  22.69  225.985
 -947.800  22.75  225.990
 -947.535  22.77  225.995
 -947.276  22.82  226.000
 -947.046  22.86  226.005
 -946.816  22.87  226.010
 -946.574  22.90  226.015
 -946.306  22.93  226.020
 -946.078  22.97  226.025
 -945.841  23.02  226.030
 -945.633  23.04  226.035
 -945.391  23.06  226.040
 -945.139  23.07  226.045
 -944.889  23.10  226.050
 -944.663  23.16  226.055
 -944.434  23.19  226.060
 -944.220  23.24  226.065
 -943.980  23.28  226.070
 -943.739  23.31  226.075
 -943.474  23.39  226.080
 -943.217  23.44  226.085
 -942.975  23.46  226.090
 -942.726  23.49  226.095
 -942.476  23.53  226.100
 -942.208  23.57  226.105
 -941.964  23.62  226.110
 -941.701  23.64  226.115
 -941.456  23.67  226.120
 -941.214  23.71  226.125
 -940.958  23.79  226.130
 -940.699  23.84  226.135
 -940.452  23.93  226.140
 -940.218  23.96  226.145
 -939.996  24.00  226.150
 -939.763  24.06  226.155
 -939.532  24.12  226.160
 -939.291  24.13  226.165
 -939.055  24.14  226.170
 -938.846  24.14  226.175
 -938.616  24.18  226.180
 -938.370  24.22  226.185
 -938.104  24.26  226.190
 -937.843  24.27  226.195
 -937.606  24.30  226.200
 -937.371  24.36  226.205
 -937.132  24.39  226.210
 -936.875  24.43  226.215
 -936.610  24.43  226.220
 -936.378  24.44  226.225
 -936.149  24.45  226.230
 -935.922  24.44  226.235
 -935.687  24.44  226.240
 -935.446  24.46  226.245
 -935.203  24.47  226.250
 -934.973  24.56  226.255
 -934.759  24.60  226.260
 -934.544  24.65  226.265
 -934.298  24.71  226.270
 -934.046  24.81  226.275
 -933.785  24.84  226.280
 -933.541  24.88  226.285
 -933.311  24.87  226.290
 -933.075  24.91  226.295
 -932.829  24.97  226.300
 -932.582  25.01  226.305
 -932.331  25.02  226.310
 -932.070  25.04  226.315
 -931.826  25.07  226.320
 -931.576  25.09  226.325
 -931.308  25.14  226.330
 -931.039  25.17  226.335
 -930.805  25.20  226.340
 -930.574  25.24  226.345
 -930.370  25.34  226.350
 -930.111  25.41  226.355
 -929.848  25.49  226.360
 -929.582  25.55  226.365
 -929.343  25.62  226.370
 -929.108  25.69  226.375
 -928.880  25.75  226.380
 -928.622  25.75  226.385
 -928.374  25.79  226.390
 -928.128  25.81  226.395
 -927.885  25.84  226.400
 -927.643  25.84  226.405
 -927.397  25.84  226.410
 -927.150  25.86  226.415
 -926.881  25.91  226.420
 -926.650  25.96  226.425
 -926.419  26.02  226.430
 -926.208  26.07  226.435
 -925.971  26.13  226.440
 -925.707  26.20  226.445
 -925.460  26.26  226.450
 -925.212  26.28  226.455
 -924.971  26.30  226.460
 -924.754  26.31  226.465
 -924.515  26.33  226.470
 -924.264  26.34  226.475
 -924.007  26.37  226.480
 -923.771  26.39  226.485
 -923.537  26.42  226.490
 -923.294  26.46  226.495
 -923.027  26.51  226.500
 -922.764  26.55  226.505
 -922.530  26.59  226.510
 -922.303  26.62  226.515
 -922.067  26.64  226.520
 -921.824  26.66  226.525
 -921.576  26.70  226.530
 -921.307  26.74  226.535
 -921.072  26.81  226.540
 -920.838  26.85  226.545
 -920.599  26.89  226.550
 -920.355  26.93  226.555
 -920.099  27.02  226.560
 -919.832  27.07  226.565
 -919.560  27.12  226.570
 -919.318  27.14  226.575
 -919.085  27.16  226.580
 -918.828  27.19  226.585
 -918.566  27.26  226.590
 -918.320  27.27  226.595
 -918.106  27.28  226.600
 -917.864  27.27  226.605
 -917.620  27.28  226.610
 -917.351  27.32  226.615
 -917.093  27.35  226.620
 -916.911  27.36  226.625
 -916.679  27.39  226.630
 -916.444  27.41  226.635
 -916.184  27.45  226.640
 -915.920  27.51  226.645
 -915.651  27.57  226.650
 -915.432  27.61  226.655
 -915.190  27.62  226.660
 -914.953  27.66  226.665
 -914.692  27.74  226.670
 -914.448  27.80  226.675
 -914.203  27.82  226.680
 -913.968  27.82  226.685
 -913.735  27.84  226.690
 -913.507  27.90  226.695
 -913.248  27.94  226.700
 -912.994  27.98  226.705
 -912.766  28.01  226.710
 -912.532  28.04  226.715
 -912.299  28.12  226.720
 -912.055  28.17  226.725
 -911.775  28.22  226.730
 -911.494  28.29  226.735
 -911.260  28.33  226.740
 -911.022  28.39  226.745
 -910.777  28.45  226.750
 -910.523  28.49  226.755
 -910.262  28.54  226.760
 -910.001  28.58  226.765
 -909.770  28.61  226.770
 -909.524  28.60  226.775
 -909.231  28.63  226.780
 -908.982  28.69  226.785
 -908.720  28.72  226.790
 -908.476  28.79  226.795
 -908.251  28.84  226.800
 -908.012  28.88  226.805
 -907.747  28.94  226.810
 -907.483  28.97  226.815
 -907.230  29.01  226.820
 -907.005  29.05  226.825
 -906.769  29.07  226.830
 -906.513  29.09  226.835
 -906.264  29.15  226.840
 -906.045  29.22  226.845
 -905.771  29.24  226.850
 -905.537  29.25  226.855
 -905.301  29.26  226.860
 -905.037  29.29  226.865
 -904.785  29.31  226.870
 -904.541  29.34  226.875
 -904.317  29.37  226.880
 -904.116  29.45  226.885
 -903.889  29.51  226.890
 -903.644  29.60  226.895
 -903.402  29.66  226.900
 -903.161  29.75  226.905
 -902.903  29.79  226.910
 -902.672  29.83  226.915
 -902.468  29.85  226.920
 -902.280  29.88  226.925
 -902.067  29.90  226.930
 -901.851  29.93  226.935
 -901.655  29.95  226.940
 -901.476  29.97  226.945
 -901.282  30.02  226.950
 -901.092  30.07  226.955
 -900.905  30.09  226.960
 -900.724  30.13  226.965
 -900.566  30.15  226.970
 -900.380  30.18  226.975
 -900.179  30.19  226.980
 -899.980  30.20  226.985
 -899.815  30.18  226.990
 -899.638  30.18  226.995
 -899.434  30.13  227.000
 -899.253  30.11  227.005
 -899.061  30.11  227.010
 -898.847  30.13  227.015
 -898.662  30.14  227.020
 -898.474  30.15  227.025
 -898.297  30.20  227.030
 -898.075  30.25  227.035
 -897.869  30.30  227.040
 -897.675  30.34  227.045
 -897.505  30.38  227.050
 -897.308  30.40  227.055
 -897.128  30.43  227.060
 -896.940  30.46  227.065
 -896.756  30.50  227.070
 -896.554  30.52  227.075
 -896.327  30.55  227.080
 -896.130  30.59  227.085
 -895.918  30.63  227.090
 -895.679  30.69  227.095
 -895.453  30.77  227.100
 -895.229  30.80  227.105
 -895.001  30.84  227.110
 -894.780  30.89  227.115
 -894.532  30.92  227.120
 -894.292  30.98  227.125
 -894.065  31.02  227.130
 -893.846  31.02  227.135
 -893.604  31.05  227.140
 -893.366  31.07  227.145
 -893.122  31.08  227.150
 -892.864  31.08  227.155
 -892.645  31.10  227.160
 -892.426  31.10  227.165
 -892.221  31.12  227.170
 -891.993  31.14  227.175
 -891.759  31.22  227.180
 -891.527  31.28  227.185
 -891.331  31.33  227.190
 -891.121  31.37  227.195
 -890.920  31.42  227.200
 -890.671  31.47  227.205
 -890.446  31.53  227.210
 -890.209  31.52  227.215
 -889.994  31.54  227.220
 -889.779  31.57  227.225
 -889.547  31.62  227.230
 -889.297  31.65  227.235
 -889.041  31.69  227.240
 -888.811  31.74  227.245
 -888.599  31.79  227.250
 -888.364  31.83  227.255
 -888.136  31.87  227.260
 -887.877  31.89  227.265
 -887.641  31.92  227.270
 -887.421  31.95  227.275
 -887.204  31.98  227.280
 -886.964  32.04  227.285
 -886.730  32.10  227.290
 -886.513  32.17  227.295
 -886.288  32.26  227.300
 -886.065  32.33  227.305
 -885.840  32.37  227.310
 -885.602  32.43  227.315
 -885.331  32.51  227.320
 -885.085  32.58  227.325
 -884.851  32.64  227.330
 -884.617  32.65  227.335
 -884.353  32.67  227.340
 -884.091  32.74  227.345
 -883.825  32.76  227.350
 -883.555  32.78  227.355
 -883.326  32.77  227.360
 -883.090  32.79  227.365
 -882.841  32.84  227.370
 -882.587  32.86  227.375
 -882.327  32.86  227.380
 -882.083  32.86  227.385
 -881.850  32.86  227.390
 -881.618  32.88  227.395
 -881.347  32.92  227.400
 -881.087  32.96  227.405
 -880.840  33.01  227.410
 -880.613  33.09  227.415
 -880.399  33.14  227.420
 -880.164  33.21  227.425
 -879.922  33.20  227.430
 -879.662  33.14  227.435
 -879.418  32.50  227.440
 -879.179  31.85  227.445
 -878.940  30.60  227.450
 -878.667  29.35  227.455
 -878.401  28.08  227.460
 -878.163  26.85  227.465
 -877.915  25.63  227.470
 -877.687  24.97  227.475
 -877.453  24.33  227.480
 -877.186  24.26  227.485
 -876.934  24.21  227.490
 -876.704  24.16  227.495
 -876.480  24.12  227.500
 -876.236  24.09  227.505
 -876.000  24.09  227.510
 -875.743  24.11  227.515
 -875.482  24.12  227.520
 -875.248  24.12  227.525
 -875.029  24.14  227.530
 -874.790  24.15  227.535
 -874.531  24.16  227.540
 -874.282  24.21  227.545
 -874.032  24.23  227.550
 -873.817  24.26  227.555
 -873.575  24.26  227.560
 -873.344  24.28  227.565
 -873.069  24.31  227.570
 -872.811  24.35  227.575
 -872.549  24.34  227.580
 -872.307  24.34  227.585
 -872.058  24.34  227.590
 -871.828  24.37  227.595
 -871.559  24.41  227.600
 -871.296  24.44  227.605
 -871.065  24.45  227.610
 -870.849  24.46  227.615
 -870.607  24.48  227.620
 -870.349  24.52  227.625
 -870.101  24.57  227.630
 -869.834  24.59  227.635
 -869.600  24.62  227.640
 -869.368  24.66  227.645
 -869.138  24.71  227.650
 -868.865  24.73  227.655
 -868.627  24.74  227.660
 -868.380  24.76  227.665
 -868.145  24.79  227.670
 -867.916  24.81  227.675
 -867.683  24.83  227.680
 -867.423  24.86  227.685
 -867.176  24.90  227.690
 -866.938  24.95  227.695
 -866.711  24.99  227.700
 -866.473  25.03  227.705
 -866.208  25.07  227.710
 -865.950  25.13  227.715
 -865.682  25.18  227.720
 -865.455  25.23  227.725
 -865.219  25.29  227.730
 -864.987  25.33  227.735
 -864.736  25.36  227.740
 -864.489  25.43  227.745
 -864.219  25.46  227.750
 -863.989  25.51  227.755
 -863.765  25.54  227.760
 -863.542  25.54  227.765
 -863.282  25.53  227.770
 -863.040  25.55  227.775
 -862.804  25.54  227.780
 -862.558  25.56  227.785
 -862.331  25.52  227.790
 -862.115  25.52  227.795
 -861.861  25.55  227.800
 -861.618  25.57  227.805
 -861.384  25.60  227.810
 -861.154  25.66  227.815
 -860.905  25.71  227.820
 -860.649  25.81  227.825
 -860.392  25.88  227.830
 -860.129  25.95  227.835
 -859.897  26.03  227.840
 -859.663  26.08  227.845
 -859.422  26.12  227.850
 -859.175  26.14  227.855
 -858.929  26.20  227.860
 -858.691  26.25  227.865
 -858.471  26.27  227.870
 -858.247  26.31  227.875
 -858.001  26.35  227.880
 -857.743  26.40  227.885
 -857.504  26.43  227.890
 -857.272  26.43  227.895
 -857.063  26.45  227.900
 -856.830  26.49  227.905
 -856.588  26.51  227.910
 -856.333  26.53  227.915
 -856.070  26.54  227.920
 -855.837  26.56  227.925
 -855.605  26.61  227.930
 -855.362  26.65  227.935
 -855.124  26.70  227.940
 -854.876  26.78  227.945
 -854.596  26.84  227.950
 -854.363  26.87  227.955
 -854.115  26.90  227.960
 -853.892  26.93  227.965
 -853.620  26.97  227.970
 -853.374  26.96  227.975
 -853.141  26.95  227.980
 -852.914  26.94  227.985
 -852.655  26.96  227.990
 -852.387  27.04  227.995
 -852.118  27.08  228.000
 -851.883  27.13  228.005
 -851.625  27.23  228.010
 -851.390  27.29  228.015
 -851.146  27.36  228.020
 -850.884  27.41  228.025
 -850.642  27.46  228.030
 -850.390  27.49  228.035
 -850.147  27.50  228.040
 -849.894  27.49  228.045
 -849.643  27.51  228.050
 -849.348  27.53  228.055
 -849.094  27.54  228.060
 -848.834  27.54  228.065
 -848.588  27.62  228.070
 -848.323  27.66  228.075
 -848.048  27.72  228.080
 -847.768  27.77  228.085
 -847.510  27.82  228.090
 -847.255  27.88  228.095
 -847.001  27.94  228.100
 -846.755  27.92  228.105
 -846.482  27.96  228.110
 -846.222  27.99  228.115
 -845.949  28.00  228.120
 -845.715  28.01  228.125
 -845.472  28.05  228.130
 -845.214  28.07  228.135
 -844.952  28.12  228.140
 -844.716  28.15  228.145
 -844.469  28.19  228.150
 -844.224  28.22  228.155
 -843.978  28.27  228.160
 -843.742  28.29  228.165
 -843.488  28.33  228.170
 -843.240  28.36  228.175
 -843.008  28.39  228.180
 -842.772  28.35  228.185
 -842.526  28.39  228.190
 -842.284  28.44  228.195
 -842.020  28.48  228.200
 -841.780  28.52  228.205
 -841.560  28.53  228.210
 -841.337  28.55  228.215
 -841.095  28.65  228.220
 -840.853  28.71  228.225
 -840.613  28.75  228.230
 -840.387  28.78  228.235
 -840.165  28.81  228.240
 -839.945  28.85  228.245
 -839.726  28.90  228.250
 -839.496  28.92  228.255
 -839.277  28.94  228.260
 -839.069  28.96  228.265
 -838.846  28.98  228.270
 -838.607  28.99  228.275
 -838.363  29.03  228.280
 -838.110  29.04  228.285
 -837.863  29.06  228.290
 -837.636  29.08  228.295
 -837.416  29.09  228.300
 -837.179  29.12  228.305
 -836.951  29.16  228.310
 -836.701  29.21  228.315
 -836.459  29.25  228.320
 -836.235  29.31  228.325
 -836.013  29.36  228.330
 -835.756  29.45  228.335
 -835.493  29.53  228.340
 -835.240  29.62  228.345
 -834.981  29.67  228.350
 -834.758  29.76  228.355
 -834.521  29.81  228.360
 -834.277  29.87  228.365
 -834.035  29.88  228.370
 -833.823  29.89  228.375
 -833.610  29.91  228.380
 -833.423  29.95  228.385
 -833.193  29.96  228.390
 -832.947  30.03  228.395
 -832.696  30.07  228.400
 -832.440  30.16  228.405
 -832.194  30.19  228.410
 -831.957  30.23  228.415
 -831.705  30.26  228.420
 -831.451  30.30  228.425
 -831.201  30.29  228.430
 -830.960  30.29  228.435
 -830.736  30.26  228.440
 -830.512  30.28  228.445
 -830.260  30.30  228.450
 -829.999  30.31  228.455
 -829.753  30.35  228.460
 -829.523  30.39  228.465
 -829.280  30.45  228.470
 -829.024  30.51  228.475
 -828.758  30.58  228.480
 -828.498  30.64  228.485
 -828.261  30.71  228.490
 -828.031  30.76  228.495
 -827.822  30.82  228.500
 -827.590  30.86  228.505
 -827.342  30.91  228.510
 -827.066  30.94  228.515
 -826.829  30.96  228.520
 -826.579  30.98  228.525
 -826.335  31.01  228.530
 -826.047  31.05  228.535
 -825.772  31.06  228.540
 -825.519  31.10  228.545
 -825.285  31.12  228.550
 -825.029  31.15  228.555
 -824.780  31.19  228.560
 -824.539  31.22  228.565
 -824.277  31.24  228.570
 -824.030  31.26  228.575
 -823.802  31.27  228.580
 -823.580  31.29  228.585
 -823.334  31.33  228.590
 -823.083  31.35  228.595
 -822.829  31.37  228.600
 -822.588  31.41  228.605
 -822.347  31.45  228.610
 -822.113  31.49  228.615
 -821.850  31.55  228.620
 -821.610  31.59  228.625
 -821.388  31.62  228.630
 -821.160  31.67  228.635
 -820.917  31.71  228.640
 -820.677  31.75  228.645
 -820.416  31.78  228.650
 -820.149  31.82  228.655
 -819.918  31.87  228.660
 -819.686  31.93  228.665
 -819.463  31.99  228.670
 -819.214  32.03  228.675
 -818.947  32.09  228.680
 -818.685  32.13  228.685
 -818.461  32.15  228.690
 -818.221  32.15  228.695
 -817.971  32.17  228.700
 -817.706  32.17  228.705
 -817.478  32.23  228.710
 -817.232  32.27  228.715
 -816.984  32.34  228.720
 -816.737  32.40  228.725
 -816.482  32.48  228.730
 -816.221  32.52  228.735
 -815.972  32.58  228.740
 -815.744  32.60  228.745
 -815.522  32.61  228.750
 -815.274  32.63  228.755
 -815.027  32.66  228.760
 -814.787  32.71  228.765
 -814.543  32.75  228.770
 -814.301  32.80  228.775
 -814.062  32.84  228.780
 -813.782  32.90  228.785
 -813.514  32.94  228.790
 -813.267  32.97  228.795
 -813.023  32.98  228.800
 -812.786  33.04  228.805
 -812.535  33.06  228.810
 -812.282  33.08  228.815
 -812.032  33.08  228.820
 -811.789  33.11  228.825
 -811.556  33.15  228.830
 -811.335  33.21  228.835
 -811.084  33.21  228.840
 -810.825  33.24  228.845
 -810.561  33.29  228.850
 -810.314  33.35  228.855
 -810.084  33.37  228.860
 -809.850  33.41  228.865
 -809.606  33.43  228.870
 -809.360  33.45  228.875
 -809.111  33.51  228.880
 -808.868  33.55  228.885
 -808.611  33.61  228.890
 -808.361  33.65  228.895
 -808.089  33.66  228.900
 -807.807  33.68  228.905
 -807.560  33.70  228.910
 -807.321  33.71  228.915
 -807.058  33.73  228.920
 -806.803  33.73  228.925
 -806.557  33.80  228.930
 -806.304  33.87  228.935
 -806.087  33.94  228.940
 -805.845  34.02  228.945
 -805.602  34.10  228.950
 -805.354  34.17  228.955
 -805.120  34.22  228.960
 -804.884  34.23  228.965
 -804.649  34.26  228.970
 -804.389  34.28  228.975
 -804.136  34.30  228.980
 -803.855  34.32  228.985
 -803.599  34.35  228.990
 -803.366  34.40  228.995
 -803.144  34.43  229.000
 -802.903  34.48  229.005
 -802.663  34.54  229.010
 -802.413  34.60  229.015
 -802.163  34.65  229.020
 -801.929  34.70  229.025
 -801.703  34.75  229.030
 -801.482  34.80  229.035
 -801.242  34.83  229.040
 -801.013  34.86  229.045
 -800.788  34.87  229.050
 -800.573  34.88  229.055
 -800.351  34.89  229.060
 -800.127  34.89  229.065
 -799.876  34.89  229.070
 -799.645  34.89  229.075
 -799.414  34.90  229.080
 -799.188  34.91  229.085
 -798.956  34.97  229.090
 -798.708  35.00  229.095
 -798.476  35.06  229.100
 -798.235  35.09  229.105
 -798.004  35.13  229.110
 -797.768  35.14  229.115
 -797.531  35.20  229.120
 -797.283  35.21  229.125
 -797.059  35.25  229.130
 -796.832  35.28  229.135
 -796.609  35.33  229.140
 -796.359  35.37  229.145
 -796.108  35.45  229.150
 -795.847  35.50  229.155
 -795.608  35.55  229.160
 -795.366  35.59  229.165
 -795.143  35.63  229.170
 -794.882  35.65  229.175
 -794.634  35.72  229.180
 -794.363  35.74  229.185
 -794.112  35.77  229.190
 -793.885  35.82  229.195
 -793.662  35.85  229.200
 -793.415  35.91  229.205
 -793.166  35.95  229.210
 -792.900  35.97  229.215
 -792.646  36.03  229.220
 -792.403  36.07  229.225
 -792.171  36.09  229.230
 -791.931  36.13  229.235
 -791.668  36.18  229.240
 -791.429  36.24  229.245
 -791.204  36.31  229.250
 -790.966  36.36  229.255
 -790.721  36.39  229.260
 -790.452  36.42  229.265
 -790.184  36.44  229.270
 -789.936  36.50  229.275
 -789.701  36.52  229.280
 -789.465  36.54  229.285
 -789.207  36.56  229.290
 -788.967  36.63  229.295
 -788.733  36.70  229.300
 -788.495  36.75  229.305
 -788.261  36.75  229.310
 -788.025  36.78  229.315
 -787.796  36.81  229.320
 -787.541  36.84  229.325
 -787.316  36.85  229.330
 -787.088  36.85  229.335
 -786.862  36.87  229.340
 -786.602  36.90  229.345
 -786.321  36.96  229.350
 -786.041  37.02  229.355
 -785.796  37.07  229.360
 -785.547  37.13  229.365
 -785.314  37.18  229.370
 -785.047  37.23  229.375
 -784.799  37.28  229.380
 -784.531  37.30  229.385
 -784.277  37.33  229.390
 -784.044  37.36  229.395
 -783.793  37.41  229.400
 -783.518  37.46  229.405
 -783.264  37.53  229.410
 -783.025  37.60  229.415
 -782.807  37.64  229.420
 -782.567  37.71  229.425
 -782.319  37.76  229.430
 -782.048  37.79  229.435
 -781.781  37.82  229.440
 -781.543  37.86  229.445
 -781.296  37.91  229.450
 -781.045  37.95  229.455
 -780.783  37.99  229.460
 -780.519  38.03  229.465
 -780.256  38.07  229.470
 -780.002  38.10  229.475
 -779.757  38.12  229.480
 -779.512  38.14  229.485
 -779.245  38.18  229.490
 -778.990  38.25  229.495
 -778.766  38.31  229.500
 -778.570  38.37  229.505
 -778.344  38.45  229.510
 -778.103  38.53  229.515
 -777.852  38.60  229.520
 -777.615  38.65  229.525
 -777.385  38.69  229.530
 -777.164  38.70  229.535
 -776.921  38.73  229.540
 -776.680  38.76  229.545
 -776.430  38.78  229.550
 -776.171  38.81  229.555
 -775.948  38.82  229.560
 -775.728  38.83  229.565
 -775.482  38.86  229.570
 -775.233  38.88  229.575
 -775.011  38.92  229.580
 -774.762  38.96  229.585
 -774.534  38.99  229.590
 -774.307  39.02  229.595
 -774.079  39.06  229.600
 -773.826  39.09  229.605
 -773.599  39.15  229.610
 -773.372  39.19  229.615
 -773.165  39.21  229.620
 -772.932  39.23  229.625
 -772.699  39.28  229.630
 -772.438  39.32  229.635
 -772.199  39.37  229.640
 -771.965  39.40  229.645
 -771.727  39.42  229.650
 -771.466  39.44  229.655
 -771.188  39.48  229.660
 -770.921  39.56  229.665
 -770.665  39.60  229.670
 -770.427  39.63  229.675
 -770.191  39.69  229.680
 -769.951  39.73  229.685
 -769.672  39.78  229.690
 -769.437  39.82  229.695
 -769.202  39.83  229.700
 -768.971  39.88  229.705
 -768.721  39.90  229.710
 -768.465  39.95  229.715
 -768.176  40.00  229.720
 -767.917  40.07  229.725
 -767.666  40.10  229.730
 -767.400  40.13  229.735
 -767.165  40.14  229.740
 -766.936  40.18  229.745
 -766.649  40.20  229.750
 -766.383  40.21  229.755
 -766.144  40.24  229.760
 -765.889  40.29  229.765
 -765.607  40.34  229.770
 -765.314  40.40  229.775
 -765.065  40.45  229.780
 -764.811  40.50  229.785
 -764.556  40.56  229.790
 -764.271  40.60  229.795
 -764.000  40.65  229.800
 -763.725  40.67  229.805
 -763.462  40.72  229.810
 -763.214  40.76  229.815
 -762.980  40.79  229.820
 -762.730  40.81  229.825
 -762.466  40.87  229.830
 -762.192  40.90  229.835
 -761.939  40.94  229.840
 -761.696  40.95  229.845
 -761.453  40.97  229.850
 -761.171  40.98  229.855
 -760.896  41.02  229.860
 -760.657  41.02  229.865
 -760.406  41.07  229.870
 -760.167  41.11  229.875
 -759.920  41.14  229.880
 -759.650  41.20  229.885
 -759.380  41.28  229.890
 -759.114  41.33  229.895
 -758.851  41.37  229.900
 -758.609  41.38  229.905
 -758.348  41.42  229.910
 -758.068  41.47  229.915
 -757.799  41.50  229.920
 -757.562  41.50  229.925
 -757.319  41.52  229.930
 -757.057  41.55  229.935
 -756.780  41.59  229.940
 -756.516  41.59  229.945
 -756.260  41.60  229.950
 -756.013  41.61  229.955
 -755.775  41.66  229.960
 -755.534  41.71  229.965
 -755.267  41.74  229.970
 -755.006  41.78  229.975
 -754.736  41.86  229.980
 -754.485  41.90  229.985
 -754.228  41.97  229.990
 -753.956  42.00  229.995
 -753.691  42.04  230.000
 -753.413  42.11  230.005
 -753.159  42.19  230.010
 -752.908  42.23  230.015
 -752.640  42.29  230.020
 -752.362  42.34  230.025
 -752.093  42.40  230.030
 -751.809  42.43  230.035
 -751.557  42.44  230.040
 -751.319  42.45  230.045
 -751.072  42.47  230.050
 -750.795  42.50  230.055
 -750.538  42.54  230.060
 -750.304  42.59  230.065
 -750.082  42.63  230.070
 -749.822  42.68  230.075
 -749.571  42.73  230.080
 -749.317  42.78  230.085
 -749.059  42.85  230.090
 -748.817  42.87  230.095
 -748.588  42.89  230.100
 -748.351  42.93  230.105
 -748.099  42.96  230.110
 -747.814  43.00  230.115
 -747.552  43.07  230.120
 -747.319  43.11  230.125
 -747.076  43.14  230.130
 -746.861  43.19  230.135
 -746.610  43.24  230.140
 -746.376  43.30  230.145
 -746.152  43.32  230.150
 -745.922  43.30  230.155
 -745.675  43.31  230.160
 -745.440  43.36  230.165
 -745.170  43.40  230.170
 -744.925  43.38  230.175
 -744.690  43.41  230.180
 -744.471  43.44  230.185
 -744.254  43.52  230.190
 -744.023  43.57  230.195
 -743.767  43.61  230.200
 -743.509  43.62  230.205
 -743.274  43.69  230.210
 -743.048  43.73  230.215
 -742.775  43.77  230.220
 -742.516  43.81  230.225
 -742.315  43.82  230.230
 -742.082  43.85  230.235
 -741.852  43.93  230.240
 -741.606  43.98  230.245
 -741.353  44.00  230.250
 -741.096  44.03  230.255
 -740.863  44.07  230.260
 -740.618  44.12  230.265
 -740.429  44.14  230.270
 -740.184  44.13  230.275
 -739.929  44.17  230.280
 -739.666  44.21  230.285
 -739.384  44.27  230.290
 -739.133  44.30  230.295
 -738.882  44.34  230.300
 -738.610  44.40  230.305
 -738.337  44.46  230.310
 -738.080  44.51  230.315
 -737.819  44.55  230.320
 -737.579  44.59  230.325
 -737.335  44.62  230.330
 -737.077  44.67  230.335
 -736.795  44.73  230.340
 -736.525  44.78  230.345
 -736.279  44.82  230.350
 -736.037  44.89  230.355
 -735.789  44.94  230.360
 -735.527  45.00  230.365
 -735.257  45.04  230.370
 -735.004  45.07  230.375
 -734.756  45.11  230.380
 -734.482  45.15  230.385
 -734.197  45.16  230.390
 -733.920  45.18  230.395
 -733.666  45.24  230.400
 -733.415  45.29  230.405
 -733.164  45.33  230.410
 -732.910  45.38  230.415
 -732.657  45.43  230.420
 -732.388  45.49  230.425
 -732.150  45.55  230.430
 -731.923  45.59  230.435
 -731.670  45.59  230.440
 -731.415  45.62  230.445
 -731.145  45.65  230.450
 -730.872  45.68  230.455
 -730.606  45.70  230.460
 -730.367  45.71  230.465
 -730.121  45.73  230.470
 -729.859  45.79  230.475
 -729.607  45.83  230.480
 -729.329  45.86  230.485
 -729.073  45.88  230.490
 -728.836  45.92  230.495
 -728.608  45.95  230.500
 -728.329  45.98  230.505
 -728.078  46.00  230.510
 -727.827  46.02  230.515
 -727.588  46.06  230.520
 -727.340  46.10  230.525
 -727.083  46.11  230.530
 -726.808  46.17  230.535
 -726.533  46.21  230.540
 -726.318  46.26  230.545
 -726.094  46.30  230.550
 -725.833  46.32  230.555
 -725.577  46.34  230.560
 -725.315  46.40  230.565
 -725.053  46.42  230.570
 -724.803  46.45  230.575
 -724.552  46.49  230.580
 -724.302  46.51  230.585
 -724.009  46.57  230.590
 -723.761  46.62  230.595
 -723.521  46.65  230.600
 -723.301  46.70  230.605
 -723.060  46.72  230.610
 -722.829  46.75  230.615
 -722.568  46.79  230.620
 -722.309  46.86  230.625
 -722.086  46.92  230.630
 -721.848  46.98  230.635
 -721.607  47.03  230.640
 -721.368  47.10  230.645
 -721.098  47.14  230.650
 -720.828  47.17  230.655
 -720.584  47.18  230.660
 -720.344  47.20  230.665
 -720.100  47.22  230.670
 -719.842  47.25  230.675
 -719.594  47.28  230.680
 -719.357  47.32  230.685
 -719.135  47.35  230.690
 -718.901  47.37  230.695
 -718.639  47.41  230.700
 -718.373  47.45  230.705
 -718.135  47.50  230.710
 -717.885  47.54  230.715
 -717.654  47.57  230.720
 -717.399  47.63  230.725
 -717.162  47.70  230.730
 -716.907  47.75  230.735
 -716.655  47.82  230.740
 -716.434  47.85  230.745
 -716.199  47.90  230.750
 -715.941  47.92  230.755
 -715.674  47.97  230.760
 -715.429  48.02  230.765
 -715.187  48.07  230.770
 -714.936  48.09  230.775
 -714.692  48.13  230.780
 -714.417  48.17  230.785
 -714.148  48.21  230.790
 -713.901  48.24  230.795
 -713.663  48.26  230.800
 -713.427  48.27  230.805
 -713.171  48.29  230.810
 -712.907  48.32  230.815
 -712.626  48.34  230.820
 -712.374  48.38  230.825
 -712.126  48.40  230.830
 -711.881  48.45  230.835
 -711.618  48.50  230.840
 -711.344  48.56  230.845
 -711.056  48.61  230.850
 -710.772  48.64  230.855
 -710.511  48.67  230.860
 -710.262  48.73  230.865
 -709.983  48.77  230.870
 -709.697  48.83  230.875
 -709.433  48.87  230.880
 -709.155  48.90  230.885
 -708.869  48.96  230.890
 -708.594  49.01  230.895
 -708.299  49.07  230.900
 -708.007  49.11  230.905
 -707.752  49.16  230.910
 -707.504  49.20  230.915
 -707.243  49.26  230.920
 -706.953  49.32  230.925
 -706.693  49.41  230.930
 -706.425  49.47  230.935
 -706.165  49.52  230.940
 -705.908  49.55  230.945
 -705.664  49.60  230.950
 -705.370  49.64  230.955
 -705.103  49.67  230.960
 -704.856  49.69  230.965
 -704.624  49.70  230.970
 -704.363  49.71  230.975
 -704.080  49.73  230.980
 -703.808  49.75  230.985
 -703.543  49.78  230.990
 -703.302  49.81  230.995
 -703.075  49.82  231.000
 -702.848  49.87  231.005
 -702.625  49.91  231.010
 -702.360  49.95  231.015
 -702.088  50.01  231.020
 -701.854  50.04  231.025
 -701.623  50.07  231.030
 -701.385  50.12  231.035
 -701.141  50.15  231.040
 -700.903  50.19  231.045
 -700.670  50.22  231.050
 -700.444  50.22  231.055
 -700.207  50.25  231.060
 -699.968  50.29  231.065
 -699.695  50.31  231.070
 -699.444  50.32  231.075
 -699.218  50.33  231.080
 -698.978  50.36  231.085
 -698.720  50.40  231.090
 -698.468  50.42  231.095
 -698.225  50.45  231.100
 -697.958  50.46  231.105
 -697.731  50.52  231.110
 -697.505  50.56  231.115
 -697.245  50.60  231.120
 -696.978  50.63  231.125
 -696.745  50.69  231.130
 -696.526  50.71  231.135
 -696.285  50.77  231.140
 -696.027  50.81  231.145
 -695.764  50.87  231.150
 -695.491  50.92  231.155
 -695.245  50.98  231.160
 -695.001  51.02  231.165
 -694.781  51.06  231.170
 -694.544  51.10  231.175
 -694.305  51.16  231.180
 -694.047  51.19  231.185
 -693.799  51.21  231.190
 -693.559  51.22  231.195
 -693.329  51.28  231.200
 -693.073  51.33  231.205
 -692.820  51.40  231.210
 -692.563  51.44  231.215
 -692.299  51.50  231.220
 -692.068  51.57  231.225
 -691.833  51.63  231.230
 -691.583  51.66  231.235
 -691.321  51.70  231.240
 -691.092  51.72  231.245
 -690.863  51.75  231.250
 -690.612  51.77  231.255
 -690.356  51.79  231.260
 -690.108  51.83  231.265
 -689.848  51.88  231.270
 -689.606  51.91  231.275
 -689.384  51.95  231.280
 -689.154  51.98  231.285
 -688.899  52.01  231.290
 -688.660  52.04  231.295
 -688.425  52.04  231.300
 -688.188  52.05  231.305
 -687.955  52.08  231.310
 -687.728  52.12  231.315
 -687.463  52.15  231.320
 -687.207  52.19  231.325
 -686.966  52.24  231.330
 -686.736  52.29  231.335
 -686.497  52.34  231.340
 -686.242  52.38  231.345
 -685.974  52.42  231.350
 -685.696  52.46  231.355
 -685.441  52.49  231.360
 -685.201  52.54  231.365
 -684.972  52.56  231.370
 -684.730  52.61  231.375
 -684.472  52.66  231.380
 -684.205  52.70  231.385
 -683.955  52.76  231.390
 -683.726  52.81  231.395
 -683.491  52.85  231.400
 -683.237  52.88  231.405
 -682.992  52.91  231.410
 -682.746  52.92  231.415
 -682.499  52.94  231.420
 -682.261  52.94  231.425
 -682.037  52.97  231.430
 -681.779  53.00  231.435
 -681.518  53.04  231.440
 -681.288  53.08  231.445
 -681.052  53.13  231.450
 -680.823  53.19  231.455
 -680.582  53.26  231.460
 -680.324  53.29  231.465
 -680.063  53.33  231.470
 -679.838  53.38  231.475
 -679.626  53.43  231.480
 -679.407  53.46  231.485
 -679.140  53.46  231.490
 -678.906  53.51  231.495
 -678.678  53.54  231.500
 -678.456  53.56  231.505
 -678.233  53.56  231.510
 -677.995  53.58  231.515
 -677.736  53.63  231.520
 -677.490  53.70  231.525
 -677.271  53.73  231.530
 -677.066  53.76  231.535
 -676.831  53.82  231.540
 -676.599  53.88  231.545
 -676.348  53.94  231.550
 -676.092  53.98  231.555
 -675.866  54.00  231.560
 -675.637  54.02  231.565
 -675.413  54.05  231.570
 -675.178  54.08  231.575
 -674.932  54.11  231.580
 -674.663  54.13  231.585
 -674.408  54.15  231.590
 -674.163  54.17  231.595
 -673.916  54.22  231.600
 -673.646  54.27  231.605
 -673.392  54.33  231.610
 -673.157  54.38  231.615
 -672.941  54.42  231.620
 -672.693  54.45  231.625
 -672.430  54.53  231.630
 -672.140  54.58  231.635
 -671.855  54.62  231.640
 -671.615  54.64  231.645
 -671.376  54.65  231.650
 -671.111  54.69  231.655
 -670.864  54.74  231.660
 -670.613  54.77  231.665
 -670.370  54.78  231.670
 -670.148  54.79  231.675
 -669.921  54.81  231.680
 -669.658  54.86  231.685
 -669.401  54.91  231.690
 -669.171  54.97  231.695
 -668.926  55.00  231.700
 -668.693  55.06  231.705
 -668.456  55.11  231.710
 -668.195  55.18  231.715
 -667.926  55.20  231.720
 -667.670  55.23  231.725
 -667.433  55.23  231.730
 -667.189  55.28  231.735
 -666.945  55.30  231.740
 -666.703  55.37  231.745
 -666.463  55.41  231.750
 -666.204  55.46  231.755
 -665.965  55.50  231.760
 -665.730  55.55  231.765
 -665.465  55.59  231.770
 -665.203  55.63  231.775
 -664.974  55.62  231.780
 -664.759  55.65  231.785
 -664.542  55.67  231.790
 -664.327  55.71  231.795
 -664.111  55.75  231.800
 -663.865  55.76  231.805
 -663.634  55.81  231.810
 -663.406  55.85  231.815
 -663.187  55.89  231.820
 -662.938  55.93  231.825
 -662.675  55.98  231.830
 -662.409  56.03  231.835
 -662.178  56.05  231.840
 -661.936  56.08  231.845
 -661.691  56.12  231.850
 -661.426  56.17  231.855
 -661.182  56.20  231.860
 -660.945  56.23  231.865
 -660.725  56.26  231.870
 -660.492  56.30  231.875
 -660.252  56.33  231.880
 -659.986  56.37  231.885
 -659.750  56.39  231.890
 -659.522  56.43  231.895
 -659.294  56.48  231.900
 -659.048  56.49  231.905
 -658.807  56.53  231.910
 -658.560  56.58  231.915
 -658.313  56.62  231.920
 -658.085  56.65  231.925
 -657.846  56.69  231.930
 -657.599  56.71  231.935
 -657.338  56.76  231.940
 -657.089  56.83  231.945
 -656.842  56.85  231.950
 -656.588  56.89  231.955
 -656.345  56.92  231.960
 -656.117  56.94  231.965
 -655.866  56.97  231.970
 -655.616  56.98  231.975
 -655.414  56.99  231.980
 -655.216  57.01  231.985
 -654.989  57.04  231.990
 -654.749  57.08  231.995
 -654.498  57.13  232.000
 -654.253  57.18  232.005
 -654.047  57.25  232.010
 -653.832  57.29  232.015
 -653.587  57.34  232.020
 -653.341  57.36  232.025
 -653.103  57.41  232.030
 -652.871  57.45  232.035
 -652.656  57.49  232.040
 -652.429  57.51  232.045
 -652.207  57.55  232.050
 -651.968  57.58  232.055
 -651.731  57.65  232.060
 -651.500  57.70  232.065
 -651.275  57.72  232.070
 -651.031  57.74  232.075
 -650.774  57.78  232.080
 -650.519  57.81  232.085
 -650.267  57.86  232.090
 -650.038  57.90  232.095
 -649.801  57.92  232.100
 -649.543  57.94  232.105
 -649.291  57.98  232.110
 -649.026  58.01  232.115
 -648.774  58.04  232.120
 -648.540  58.03  232.125
 -648.312  58.02  232.130
 -648.031  58.06  232.135
 -647.757  58.08  232.140
 -647.458  58.12  232.145
 -647.209  58.15  232.150
 -646.956  58.19  232.155
 -646.693  58.25  232.160
 -646.424  58.33  232.165
 -646.143  58.36  232.170
 -645.891  58.44  232.175
 -645.637  58.49  232.180
 -645.397  58.52  232.185
 -645.137  58.55  232.190
 -644.873  58.63  232.195
 -644.593  58.67  232.200
 -644.314  58.70  232.205
 -644.050  58.71  232.210
 -643.799  58.74  232.215
 -643.530  58.79  232.220
 -643.264  58.87  232.225
 -643.014  58.86  232.230
 -642.779  58.88  232.235
 -642.533  58.90  232.240
 -642.272  58.91  232.245
 -641.992  58.95  232.250
 -641.714  58.97  232.255
 -641.457  58.95  232.260
 -641.203  58.97  232.265
 -640.965  59.00  232.270
 -640.692  59.03  232.275
 -640.408  59.08  232.280
 -640.128  59.09  232.285
 -639.890  59.12  232.290
 -639.632  59.15  232.295
 -639.430  59.20  232.300
 -639.150  59.25  232.305
 -638.901  59.27  232.310
 -638.657  59.32  232.315
 -638.409  59.38  232.320
 -638.140  59.40  232.325
 -637.869  59.45  232.330
 -637.582  59.48  232.335
 -637.306  59.51  232.340
 -637.056  59.59  232.345
 -636.793  59.62  232.350
 -636.522  59.66  232.355
 -636.252  59.72  232.360
 -635.976  59.76  232.365
 -635.702  59.81  232.370
 -635.453  59.86  232.375
 -635.210  59.89  232.380
 -634.906  59.92  232.385
 -634.634  59.92  232.390
 -634.387  59.97  232.395
 -634.143  59.99  232.400
 -633.897  60.01  232.405
 -633.637  60.04  232.410
 -633.390  60.09  232.415
 -633.114  60.14  232.420
 -632.843  60.21  232.425
 -632.611  60.22  232.430
 -632.380  60.24  232.435
 -632.120  60.28  232.440
 -631.852  60.32  232.445
 -631.588  60.34  232.450
 -631.324  60.35  232.455
 -631.088  60.38  232.460
 -630.845  60.44  232.465
 -630.581  60.50  232.470
 -630.327  60.51  232.475
 -630.107  60.53  232.480
 -629.874  60.56  232.485
 -629.630  60.62  232.490
 -629.381  60.63  232.495
 -629.117  60.65  232.500
 -628.856  60.67  232.505
 -628.619  60.74  232.510
 -628.377  60.78  232.515
 -628.138  60.81  232.520
 -627.873  60.80  232.525
 -627.605  60.85  232.530
 -627.335  60.88  232.535
 -627.112  60.91  232.540
 -626.849  60.92  232.545
 -626.579  60.95  232.550
 -626.308  61.01  232.555
 -626.042  61.08  232.560
 -625.796  61.13  232.565
 -625.555  61.17  232.570
 -625.303  61.22  232.575
 -625.047  61.28  232.580
 -624.771  61.30  232.585
 -624.484  61.32  232.590
 -624.231  61.32  232.595
 -623.980  61.34  232.600
 -623.713  61.39  232.605
 -623.448  61.44  232.610
 -623.169  61.46  232.615
 -622.894  61.46  232.620
 -622.645  61.50  232.625
 -622.374  61.52  232.630
 -622.091  61.57  232.635
 -621.830  61.54  232.640
 -621.571  61.55  232.645
 -621.305  61.57  232.650
 -621.048  61.65  232.655
 -620.795  61.66  232.660
 -620.527  61.71  232.665
 -620.240  61.73  232.670
 -619.977  61.76  232.675
 -619.744  61.80  232.680
 -619.497  61.83  232.685
 -619.235  61.85  232.690
 -618.981  61.90  232.695
 -618.704  61.91  232.700
 -618.430  61.96  232.705
 -618.176  61.98  232.710
 -617.921  62.02  232.715
 -617.650  62.07  232.720
 -617.360  62.09  232.725
 -617.104  62.10  232.730
 -616.848  62.15  232.735
 -616.590  62.17  232.740
 -616.336  62.21  232.745
 -616.076  62.22  232.750
 -615.806  62.22  232.755
 -615.560  62.23  232.760
 -615.306  62.27  232.765
 -615.069  62.25  232.770
 -614.802  62.26  232.775
 -614.538  62.29  232.780
 -614.271  62.33  232.785
 -614.018  62.38  232.790
 -613.756  62.43  232.795
 -613.517  62.31  232.800
 -613.256  62.25  232.805
 -612.989  62.25  232.810
 -612.699  62.29  232.815
 -612.433  62.28  232.820
 -612.199  62.29  232.825
 -611.948  62.30  232.830
 -611.662  62.40  232.835
 -611.396  62.54  232.840
 -611.121  62.59  232.845
 -610.870  62.60  232.850
 -610.644  62.66  232.855
 -610.396  62.71  232.860
 -610.138  62.78  232.865
 -609.880  62.87  232.870
 -609.644  62.92  232.875
 -609.408  62.97  232.880
 -609.166  63.00  232.885
 -608.896  63.06  232.890
 -608.637  63.07  232.895
 -608.373  63.01  232.900
 -608.117  63.06  232.905
 -607.876  63.07  232.910
 -607.633  63.11  232.915
 -607.362  63.15  232.920
 -607.095  63.13  232.925
 -606.849  63.09  232.930
 -606.605  63.15  232.935
 -606.354  63.15  232.940
 -606.091  63.15  232.945
 -605.841  63.17  232.950
 -605.569  63.16  232.955
 -605.330  63.25  232.960
 -605.099  63.32  232.965
 -604.879  63.33  232.970
 -604.628  63.24  232.975
 -604.362  63.24  232.980
 -604.084  63.20  232.985
 -603.846  63.23  232.990
 -603.599  63.24  232.995
 -603.359  63.28  233.000
 -603.090  63.25  233.005
 -602.837  63.25  233.010
 -602.566  63.31  233.015
 -602.299  63.40  233.020
 -602.040  63.43  233.025
 -601.767  63.45  233.030
 -601.473  63.45  233.035
 -601.191  63.55  233.040
 -600.963  63.61  233.045
 -600.710  63.56  233.050
 -600.457  63.47  233.055
 -600.191  63.40  233.060
 -599.912  63.34  233.065
 -599.624  63.27  233.070
 -599.392  63.22  233.075
 -599.141  63.27  233.080
 -598.892  63.31  233.085
 -598.623  63.38  233.090
 -598.373  63.47  233.095
 -598.126  63.51  233.100
 -597.863  63.62  233.105
 -597.619  63.67  233.110
 -597.360  63.74  233.115
 -597.083  63.74  233.120
 -596.824  63.85  233.125
 -596.580  63.85  233.130
 -596.340  63.84  233.135
 -596.094  63.81  233.140
 -595.831  63.82  233.145
 -595.566  63.89  233.150
 -595.301  63.93  233.155
 -595.047  63.87  233.160
 -594.791  63.88  233.165
 -594.548  63.90  233.170
 -594.299  64.00  233.175
 -594.049  63.99  233.180
 -593.806  63.92  233.185
 -593.585  63.96  233.190
 -593.330  64.00  233.195
 -593.063  64.09  233.200
 -592.815  64.21  233.205
 -592.575  64.21  233.210
 -592.313  64.27  233.215
 -592.071  64.29  233.220
 -591.831  64.31  233.225
 -591.554  64.37  233.230
 -591.282  64.33  233.235
 -591.013  64.31  233.240
 -590.768  64.28  233.245
 -590.525  64.29  233.250
 -590.264  64.33  233.255
 -590.004  64.35  233.260
 -589.728  64.36  233.265
 -589.471  64.39  233.270
 -589.215  64.42  233.275
 -588.968  64.47  233.280
 -588.695  64.55  233.285
 -588.426  64.59  233.290
 -588.178  64.63  233.295
 -587.933  64.67  233.300
 -587.685  64.66  233.305
 -587.436  64.68  233.310
 -587.175  64.69  233.315
 -586.904  64.57  233.320
 -586.665  64.40  233.325
 -586.425  64.20  233.330
 -586.186  64.06  233.335
 -585.915  63.91  233.340
 -585.656  63.75  233.345
 -585.415  63.62  233.350
 -585.154  63.57  233.355
 -584.901  63.55  233.360
 -584.653  63.57  233.365
 -584.403  63.48  233.370
 -584.141  63.56  233.375
 -583.905  63.59  233.380
 -583.671  63.60  233.385
 -583.423  63.72  233.390
 -583.180  63.86  233.395
 -582.914  63.94  233.400
 -582.649  63.98  233.405
 -582.384  63.95  233.410
 -582.139  63.91  233.415
 -581.917  63.90  233.420
 -581.649  63.79  233.425
 -581.382  63.71  233.430
 -581.105  63.69  233.435
 -580.867  63.73  233.440
 -580.616  63.77  233.445
 -580.376  63.82  233.450
 -580.107  63.87  233.455
 -579.843  63.98  233.460
 -579.579  64.04  233.465
 -579.339  64.12  233.470
 -579.099  64.15  233.475
 -578.843  64.16  233.480
 -578.573  64.17  233.485
 -578.293  64.21  233.490
 -578.038  64.20  233.495
 -577.784  64.20  233.500
 -577.514  64.19  233.505
 -577.248  64.20  233.510
 -576.976  64.23  233.515
 -576.708  64.28  233.520
 -576.464  64.28  233.525
 -576.221  64.29  233.530
 -575.961  64.32  233.535
 -575.699  64.34  233.540
 -575.449  64.40  233.545
 -575.196  64.45  233.550
 -574.943  64.47  233.555
 -574.697  64.49  233.560
 -574.468  64.51  233.565
 -574.205  64.55  233.570
 -573.947  64.57  233.575
 -573.702  64.58  233.580
 -573.482  64.58  233.585
 -573.250  64.60  233.590
 -572.994  64.64  233.595
 -572.722  64.67  233.600
 -572.451  64.68  233.605
 -572.217  64.72  233.610
 -571.987  64.71  233.615
 -571.762  64.77  233.620
 -571.504  64.80  233.625
 -571.241  64.85  233.630
 -570.977  64.89  233.635
 -570.750  64.90  233.640
 -570.529  64.92  233.645
 -570.314  64.82  233.650
 -570.067  64.67  233.655
 -569.833  64.53  233.660
 -569.615  64.40  233.665
 -569.393  64.27  233.670
 -569.138  64.16  233.675
 -568.898  64.04  233.680
 -568.639  64.07  233.685
 -568.390  64.11  233.690
 -568.167  64.21  233.695
 -567.944  64.21  233.700
 -567.694  64.24  233.705
 -567.451  64.28  233.710
 -567.194  64.32  233.715
 -566.931  64.35  233.720
 -566.675  64.39  233.725
 -566.413  64.38  233.730
 -566.164  64.44  233.735
 -565.889  64.49  233.740
 -565.620  64.50  233.745
 -565.375  64.54  233.750
 -565.169  64.54  233.755
 -564.947  64.54  233.760
 -564.712  64.58  233.765
 -564.445  64.60  233.770
 -564.189  64.61  233.775
 -563.959  64.64  233.780
 -563.740  64.67  233.785
 -563.496  64.73  233.790
 -563.227  64.75  233.795
 -562.954  64.76  233.800
 -562.673  64.77  233.805
 -562.408  64.82  233.810
 -562.157  64.85  233.815
 -561.895  64.89  233.820
 -561.632  64.90  233.825
 -561.397  64.97  233.830
 -561.143  65.02  233.835
 -560.896  65.04  233.840
 -560.655  65.06  233.845
 -560.399  65.09  233.850
 -560.142  65.07  233.855
 -559.908  65.09  233.860
 -559.695  65.05  233.865
 -559.484  65.02  233.870
 -559.250  65.01  233.875
 -559.018  64.98  233.880
 -558.753  64.96  233.885
 -558.524  64.97  233.890
 -558.294  64.96  233.895
 -558.078  64.97  233.900
 -557.842  64.99  233.905
 -557.582  64.99  233.910
 -557.296  65.00  233.915
 -557.035  65.02  233.920
 -556.804  65.04  233.925
 -556.580  65.11  233.930
 -556.309  65.16  233.935
 -556.031  65.17  233.940
 -555.793  65.22  233.945
 -555.566  65.28  233.950
 -555.323  65.33  233.955
 -555.082  65.38  233.960
 -554.842  65.40  233.965
 -554.592  65.45  233.970
 -554.349  65.49  233.975
 -554.108  65.51  233.980
 -553.861  65.54  233.985
 -553.610  65.55  233.990
 -553.357  65.56  233.995
 -553.074  65.57  234.000
 -552.807  65.56  234.005
 -552.545  65.59  234.010
 -552.291  65.61  234.015
 -552.002  65.62  234.020
 -551.718  65.65  234.025
 -551.459  65.67  234.030
 -551.202  65.69  234.035
 -550.975  65.72  234.040
 -550.720  65.75  234.045
 -550.455  65.75  234.050
 -550.177  65.79  234.055
 -549.907  65.80  234.060
 -549.659  65.81  234.065
 -549.428  65.84  234.070
 -549.154  65.88  234.075
 -548.881  65.92  234.080
 -548.583  65.98  234.085
 -548.328  66.02  234.090
 -548.091  66.06  234.095
 -547.844  66.09  234.100
 -547.553  66.11  234.105
 -547.294  66.13  234.110
 -547.020  66.14  234.115
 -546.757  66.16  234.120
 -546.511  66.16  234.125
 -546.254  66.16  234.130
 -545.976  66.18  234.135
 -545.701  66.20  234.140
 -545.439  66.22  234.145
 -545.199  66.25  234.150
 -544.960  66.30  234.155
 -544.700  66.32  234.160
 -544.433  66.37  234.165
 -544.152  66.45  234.170
 -543.895  66.49  234.175
 -543.636  66.49  234.180
 -543.398  66.53  234.185
 -543.133  66.50  234.190
 -542.872  66.56  234.195
 -542.592  66.59  234.200
 -542.338  66.56  234.205
 -542.079  66.55  234.210
 -541.833  66.61  234.215
 -541.549  66.61  234.220
 -541.279  66.69  234.225
 -541.039  66.66  234.230
 -540.793  66.69  234.235
 -540.549  66.65  234.240
 -540.289  66.68  234.245
 -540.034  66.61  234.250
 -539.761  66.64  234.255
 -539.532  66.59  234.260
 -539.307  66.65  234.265
 -539.095  66.67  234.270
 -538.847  66.69  234.275
 -538.593  66.70  234.280
 -538.341  66.75  234.285
 -538.093  66.73  234.290
 -537.852  66.75  234.295
 -537.614  66.68  234.300
 -537.343  66.63  234.305
 -537.084  66.59  234.310
 -536.815  66.54  234.315
 -536.572  66.60  234.320
 -536.331  66.68  234.325
 -536.095  66.70  234.330
 -535.848  66.77  234.335
 -535.575  66.74  234.340
 -535.365  66.71  234.345
 -535.144  66.74  234.350
 -534.916  66.69  234.355
 -534.682  66.58  234.360
 -534.430  66.59  234.365
 -534.176  66.60  234.370
 -533.949  66.59  234.375
 -533.712  66.71  234.380
 -533.468  66.67  234.385
 -533.198  66.60  234.390
 -532.945  66.51  234.395
 -532.684  66.48  234.400
 -532.415  66.42  234.405
 -532.169  66.45  234.410
 -531.913  66.44  234.415
 -531.627  66.53  234.420
 -531.355  66.54  234.425
 -531.123  66.66  234.430
 -530.885  66.64  234.435
 -530.614  66.61  234.440
 -530.364  66.62  234.445
 -530.096  66.63  234.450
 -529.812  66.60  234.455
 -529.565  66.60  234.460
 -529.314  66.58  234.465
 -529.064  66.61  234.470
 -528.791  66.61  234.475
 -528.530  66.70  234.480
 -528.254  66.68  234.485
 -527.997  66.67  234.490
 -527.749  66.78  234.495
 -527.482  66.82  234.500
 -527.180  66.77  234.505
 -526.909  66.86  234.510
 -526.639  66.83  234.515
 -526.378  66.85  234.520
 -526.137  66.86  234.525
 -525.889  66.73  234.530
 -525.631  66.68  234.535
 -525.370  66.73  234.540
 -525.143  66.73  234.545
 -524.920  66.66  234.550
 -524.684  66.67  234.555
 -524.428  66.57  234.560
 -524.145  66.67  234.565
 -523.879  66.72  234.570
 -523.628  66.69  234.575
 -523.363  66.67  234.580
 -523.081  66.63  234.585
 -522.791  66.60  234.590
 -522.539  66.67  234.595
 -522.266  66.68  234.600
 -522.008  66.55  234.605
 -521.764  66.58  234.610
 -521.520  66.49  234.615
 -521.262  66.51  234.620
 -521.015  66.55  234.625
 -520.776  66.55  234.630
 -520.536  66.59  234.635
 -520.279  66.70  234.640
 -520.016  66.68  234.645
 -519.745  66.77  234.650
 -519.471  66.87  234.655
 -519.247  66.82  234.660
 -519.009  66.82  234.665
 -518.749  66.70  234.670
 -518.493  66.71  234.675
 -518.217  66.71  234.680
 -517.950  66.67  234.685
 -517.693  66.56  234.690
 -517.442  66.55  234.695
 -517.181  66.48  234.700
 -516.899  66.52  234.705
 -516.633  66.48  234.710
 -516.370  66.53  234.715
 -516.136  66.45  234.720
 -515.892  66.46  234.725
 -515.644  66.42  234.730
 -515.381  66.44  234.735
 -515.119  66.41  234.740
 -514.869  66.46  234.745
 -514.627  66.35  234.750
 -514.368  66.39  234.755
 -514.106  66.44  234.760
 -513.829  66.56  234.765
 -513.560  66.60  234.770
 -513.300  66.63  234.775
 -513.059  66.54  234.780
 -512.787  66.57  234.785
 -512.511  66.53  234.790
 -512.260  66.53  234.795
 -511.999  66.48  234.800
 -511.752  66.54  234.805
 -511.503  66.53  234.810
 -511.234  66.57  234.815
 -510.948  66.60  234.820
 -510.687  66.82  234.825
 -510.452  66.75  234.830
 -510.208  66.75  234.835
 -509.940  66.72  234.840
 -509.676  66.72  234.845
 -509.383  66.80  234.850
 -509.099  66.74  234.855
 -508.834  66.66  234.860
 -508.586  66.70  234.865
 -508.326  66.72  234.870
 -508.050  66.73  234.875
 -507.758  66.72  234.880
 -507.469  66.58  234.885
 -507.215  66.63  234.890
 -506.944  66.57  234.895
 -506.681  66.59  234.900
 -506.409  66.62  234.905
 -506.158  66.58  234.910
 -505.914  66.58  234.915
 -505.689  66.58  234.920
 -505.429  66.62  234.925
 -505.174  66.64  234.930
 -504.901  66.59  234.935
 -504.655  66.52  234.940
 -504.420  66.53  234.945
 -504.183  66.53  234.950
 -503.937  66.62  234.955
 -503.675  66.61  234.960
 -503.395  66.59  234.965
 -503.121  66.60  234.970
 -502.888  66.65  234.975
 -502.650  66.66  234.980
 -502.377  66.68  234.985
 -502.103  66.70  234.990
 -501.813  66.65  234.995
 -501.536  66.68  235.000
 -501.289  66.65  235.005
 -501.040  66.69  235.010
 -500.757  66.68  235.015
 -500.477  66.71  235.020
 -500.229  66.69  235.025
 -499.982  66.73  235.030
 -499.751  66.69  235.035
 -499.500  66.68  235.040
 -499.250  66.62  235.045
 -498.991  66.59  235.050
 -498.727  66.53  235.055
 -498.471  66.51  235.060
 -498.227  66.51  235.065
 -497.967  66.48  235.070
 -497.703  66.59  235.075
 -497.428  66.61  235.080
 -497.162  66.67  235.085
 -496.914  66.73  235.090
 -496.658  66.74  235.095
 -496.371  66.75  235.100
 -496.074  66.77  235.105
 -495.811  66.72  235.110
 -495.571  66.70  235.115
 -495.331  66.64  235.120
 -495.069  66.62  235.125
 -494.803  66.68  235.130
 -494.521  66.72  235.135
 -494.265  66.79  235.140
 -494.005  66.78  235.145
 -493.790  66.84  235.150
 -493.539  66.87  235.155
 -493.284  66.81  235.160
 -493.006  66.78  235.165
 -492.769  66.78  235.170
 -492.524  66.75  235.175
 -492.258  66.72  235.180
 -491.992  66.69  235.185
 -491.733  66.69  235.190
 -491.480  66.73  235.195
 -491.215  66.62  235.200
 -490.972  66.59  235.205
 -490.720  66.62  235.210
 -490.460  66.64  235.215
 -490.190  66.64  235.220
 -489.925  66.62  235.225
 -489.672  66.65  235.230
 -489.427  66.76  235.235
 -489.175  66.73  235.240
 -488.900  66.71  235.245
 -488.633  66.74  235.250
 -488.393  66.73  235.255
 -488.159  66.81  235.260
 -487.923  66.90  235.265
 -487.647  66.95  235.270
 -487.380  67.02  235.275
 -487.113  67.07  235.280
 -486.852  67.08  235.285
 -486.609  67.16  235.290
 -486.369  67.17  235.295
 -486.101  67.07  235.300
 -485.836  67.03  235.305
 -485.594  67.01  235.310
 -485.353  66.98  235.315
 -485.125  67.03  235.320
 -484.875  66.99  235.325
 -484.629  66.97  235.330
 -484.377  66.97  235.335
 -484.124  67.01  235.340
 -483.872  67.00  235.345
 -483.641  66.99  235.350
 -483.382  66.91  235.355
 -483.125  66.83  235.360
 -482.869  66.84  235.365
 -482.614  66.83  235.370
 -482.349  66.79  235.375
 -482.097  66.78  235.380
 -481.816  66.77  235.385
 -481.556  66.81  235.390
 -481.312  66.93  235.395
 -481.069  66.94  235.400
 -480.797  66.92  235.405
 -480.524  66.94  235.410
 -480.246  66.96  235.415
 -479.954  66.98  235.420
 -479.681  66.98  235.425
 -479.417  66.95  235.430
 -479.166  66.92  235.435
 -478.898  66.99  235.440
 -478.623  66.97  235.445
 -478.333  67.03  235.450
 -478.082  67.03  235.455
 -477.818  67.02  235.460
 -477.568  66.99  235.465
 -477.289  67.01  235.470
 -477.009  66.97  235.475
 -476.734  66.98  235.480
 -476.451  66.95  235.485
 -476.188  66.90  235.490
 -475.927  66.95  235.495
 -475.642  66.97  235.500
 -475.352  66.96  235.505
 -475.062  66.96  235.510
 -474.805  66.92  235.515
 -474.537  66.81  235.520
 -474.256  66.80  235.525
 -474.004  66.81  235.530
 -473.735  66.88  235.535
 -473.480  66.89  235.540
 -473.228  66.93  235.545
 -472.955  66.94  235.550
 -472.676  67.07  235.555
 -472.434  67.11  235.560
 -472.183  67.04  235.565
 -471.943  67.03  235.570
 -471.676  66.98  235.575
 -471.407  66.95  235.580
 -471.143  67.00  235.585
 -470.892  66.87  235.590
 -470.638  66.85  235.595
 -470.390  66.87  235.600
 -470.128  66.85  235.605
 -469.865  66.90  235.610
 -469.585  66.92  235.615
 -469.293  66.96  235.620
 -469.044  67.07  235.625
 -468.801  67.14  235.630
 -468.560  67.19  235.635
 -468.304  67.17  235.640
 -468.040  67.16  235.645
 -467.777  67.21  235.650
 -467.535  67.11  235.655
 -467.291  67.07  235.660
 -467.067  67.02  235.665
 -466.806  66.99  235.670
 -466.565  67.12  235.675
 -466.337  67.09  235.680
 -466.097  67.01  235.685
 -465.851  67.09  235.690
 -465.596  67.13  235.695
 -465.337  67.16  235.700
 -465.088  67.15  235.705
 -464.850  67.00  235.710
 -464.607  67.01  235.715
 -464.350  67.10  235.720
 -464.080  67.11  235.725
 -463.841  67.11  235.730
 -463.589  67.12  235.735
 -463.337  67.19  235.740
 -463.083  67.24  235.745
 -462.827  67.29  235.750
 -462.567  67.29  235.755
 -462.322  67.30  235.760
 -462.090  67.31  235.765
 -461.862  67.36  235.770
 -461.622  67.33  235.775
 -461.372  67.34  235.780
 -461.110  67.32  235.785
 -460.861  67.32  235.790
 -460.616  67.31  235.795
 -460.380  67.35  235.800
 -460.137  67.31  235.805
 -459.884  67.25  235.810
 -459.613  67.27  235.815
 -459.361  67.26  235.820
 -459.120  67.25  235.825
 -458.871  67.24  235.830
 -458.620  67.23  235.835
 -458.342  67.24  235.840
 -458.074  67.33  235.845
 -457.811  67.35  235.850
 -457.559  67.40  235.855
 -457.303  67.45  235.860
 -457.045  67.51  235.865
 -456.761  67.52  235.870
 -456.498  67.53  235.875
 -456.248  67.53  235.880
 -455.996  67.46  235.885
 -455.744  67.47  235.890
 -455.486  67.45  235.895
 -455.230  67.43  235.900
 -454.976  67.45  235.905
 -454.709  67.45  235.910
 -454.468  67.43  235.915
 -454.191  67.56  235.920
 -453.925  67.52  235.925
 -453.658  67.46  235.930
 -453.389  67.40  235.935
 -453.129  67.47  235.940
 -452.872  67.54  235.945
 -452.591  67.60  235.950
 -452.316  67.67  235.955
 -452.049  67.67  235.960
 -451.777  67.76  235.965
 -451.517  67.87  235.970
 -451.236  67.72  235.975
 -450.952  67.64  235.980
 -450.668  67.57  235.985
 -450.384  67.45  235.990
 -450.125  67.42  235.995
 -449.883  67.35  236.000
 -449.628  67.24  236.005
 -449.357  67.30  236.010
 -449.079  67.28  236.015
 -448.801  67.27  236.020
 -448.560  67.22  236.025
 -448.312  67.22  236.030
 -448.050  67.23  236.035
 -447.782  67.29  236.040
 -447.526  67.31  236.045
 -447.268  67.36  236.050
 -447.013  67.38  236.055
 -446.763  67.43  236.060
 -446.506  67.50  236.065
 -446.236  67.57  236.070
 -445.990  67.58  236.075
 -445.742  67.57  236.080
 -445.506  67.59  236.085
 -445.244  67.64  236.090
 -444.977  67.69  236.095
 -444.691  67.72  236.100
 -444.451  67.80  236.105
 -444.213  67.82  236.110
 -443.963  67.82  236.115
 -443.703  67.83  236.120
 -443.451  67.84  236.125
 -443.228  67.85  236.130
 -442.996  67.85  236.135
 -442.745  67.82  236.140
 -442.486  67.85  236.145
 -442.210  67.92  236.150
 -441.943  67.96  236.155
 -441.691  67.99  236.160
 -441.445  68.04  236.165
 -441.201  68.07  236.170
 -440.950  68.11  236.175
 -440.677  68.13  236.180
 -440.420  68.14  236.185
 -440.164  68.17  236.190
 -439.911  68.18  236.195
 -439.666  68.19  236.200
 -439.410  68.21  236.205
 -439.154  68.20  236.210
 -438.881  68.23  236.215
 -438.622  68.28  236.220
 -438.369  68.31  236.225
 -438.111  68.34  236.230
 -437.834  68.38  236.235
 -437.568  68.39  236.240
 -437.316  68.44  236.245
 -437.084  68.47  236.250
 -436.836  68.47  236.255
 -436.577  68.48  236.260
 -436.293  68.50  236.265
 -436.010  68.53  236.270
 -435.757  68.55  236.275
 -435.514  68.55  236.280
 -435.237  68.59  236.285
 -434.953  68.62  236.290
 -434.678  68.67  236.295
 -434.419  68.72  236.300
 -434.176  68.74  236.305
 -433.907  68.78  236.310
 -433.647  68.82  236.315
 -433.372  68.85  236.320
 -433.098  68.91  236.325
 -432.829  68.93  236.330
 -432.562  68.94  236.335
 -432.295  68.98  236.340
 -432.044  69.01  236.345
 -431.762  69.01  236.350
 -431.487  69.01  236.355
 -431.210  69.03  236.360
 -430.941  69.05  236.365
 -430.679  69.10  236.370
 -430.411  69.14  236.375
 -430.134  69.18  236.380
 -429.852  69.25  236.385
 -429.597  69.29  236.390
 -429.329  69.30  236.395
 -429.068  69.31  236.400
 -428.771  69.31  236.405
 -428.509  69.35  236.410
 -428.242  69.38  236.415
 -427.983  69.40  236.420
 -427.741  69.44  236.425
 -427.478  69.49  236.430
 -427.199  69.53  236.435
 -426.929  69.57  236.440
 -426.658  69.59  236.445
 -426.420  69.61  236.450
 -426.155  69.64  236.455
 -425.885  69.67  236.460
 -425.600  69.69  236.465
 -425.321  69.74  236.470
 -425.069  69.79  236.475
 -424.814  69.83  236.480
 -424.563  69.87  236.485
 -424.314  69.90  236.490
 -424.035  69.93  236.495
 -423.757  69.98  236.500
 -423.522  70.02  236.505
 -423.275  70.04  236.510
 -423.025  70.06  236.515
 -422.753  70.10  236.520
 -422.501  70.14  236.525
 -422.239  70.19  236.530
 -421.997  70.23  236.535
 -421.752  70.25  236.540
 -421.495  70.29  236.545
 -421.223  70.36  236.550
 -420.958  70.40  236.555
 -420.721  70.45  236.560
 -420.474  70.48  236.565
 -420.208  70.50  236.570
 -419.948  70.52  236.575
 -419.664  70.53  236.580
 -419.381  70.52  236.585
 -419.119  70.54  236.590
 -418.861  70.55  236.595
 -418.621  70.58  236.600
 -418.371  70.61  236.605
 -418.112  70.66  236.610
 -417.850  70.69  236.615
 -417.622  70.75  236.620
 -417.374  70.79  236.625
 -417.117  70.84  236.630
 -416.894  70.86  236.635
 -416.678  70.91  236.640
 -416.465  70.94  236.645
 -416.279  70.99  236.650
 -416.103  71.03  236.655
 -415.937  71.06  236.660
 -415.751  71.07  236.665
 -415.608  71.11  236.670
 -415.466  71.14  236.675
 -415.339  71.17  236.680
 -415.240  71.18  236.685
 -415.139  71.20  236.690
 -415.059  71.22  236.695
 -415.000  71.22  236.700
 -414.968  71.22  236.705
 -414.933  71.20  236.710
 -414.905  71.15  236.715
