-1277.992  -0.05  260.775
-1277.992  -0.22  260.780
-1277.981  -0.79  260.785
-1277.977  -0.21  260.790
-1277.978  -0.26  260.795
-1277.981  -0.82  260.800
-1277.962  -1.03  260.805
-1277.951  -0.30  260.810
-1277.934  -0.09  260.815
-1277.909  -0.70  260.820
-1277.864   0.07  260.825
-1277.814  -0.73  260.830
-1277.788   0.01  260.835
-1277.744  -0.33  260.840
-1277.674  -0.40  260.845
-1277.610   0.15  260.850
-1277.533  -0.39  260.855
-1277.441  -0.71  260.860
-1277.363  -0.41  260.865
-1277.276  -0.46  260.870
-1277.184   0.01  260.875
-1277.085  -0.70  260.880
-1276.967  -0.71  260.885
-1276.843   0.05  260.890
-1276.704  -0.49  260.895
-1276.571  -0.38  260.900
-1276.438  -0.07  260.905
-1276.294  -0.23  260.910
-1276.164  -0.59  260.915
-1276.005  -0.18  260.920
-1275.840  -0.49  260.925
-1275.662  -1.05  260.930
-1275.479  -0.53  260.935
-1275.280  -0.68  260.940
-1275.070  -0.63  260.945
-1274.870  -0.13  260.950
-1274.672  -0.31  260.955
-1274.470   0.41  260.960
-1274.266  -0.52  260.965
-1274.066  -0.85  260.970
-1273.850  -0.38  260.975
-1273.650   0.43  260.980
-1273.438  -0.01  260.985
-1273.215  -0.03  260.990
-1273.002  -0.15  260.995
-1272.802  -0.76  261.000
-1272.609  -0.18  261.005
-1272.424   0.56  261.010
-1272.218  -0.61  261.015
-1272.000   0.69  261.020
-1271.794   0.25  261.025
-1271.595   0.08  261.030
-1271.389   0.15  261.035
-1271.209   0.02  261.040
-1270.997   0.26  261.045
-1270.785   0.29  261.050
-1270.550   0.11  261.055
-1270.323  -0.08  261.060
-1270.110   0.10  261.065
-1269.907   0.34  261.070
-1269.698   0.31  261.075
-1269.505  -0.21  261.080
-1269.279  -0.01  261.085
-1269.060  -0.39  261.090
-1268.881   0.13  261.095
-1268.689  -0.69  261.100
-1268.486  -0.20  261.105
-1268.261   0.91  261.110
-1268.066  -0.17  261.115
-1267.855  -0.58  261.120
-1267.640  -0.35  261.125
-1267.454  -0.02  261.130
-1267.261  -0.13  261.135
-1267.065   0.51  261.140
-1266.877  -0.26  261.145
-1266.680   0.18  261.150
-1266.486  -0.27  261.155
-1266.271   0.30  261.160
-1266.054   0.44  261.165
-1265.854  -0.86  261.170
-1265.660  -0.25  261.175
-1265.458  -0.00  261.180
-1265.258   0.10  261.185
-1265.032   0.17  261.190
-1264.802   0.66  261.195
-1264.603   0.76  261.200
-1264.413   0.03  261.205
-1264.237   0.03  261.210
-1264.042  -0.28  261.215
-1263.853  -0.23  261.220
-1263.656   0.06  261.225
-1263.445   0.57  261.230
-1263.225  -0.29  261.235
-1263.033   0.52  261.240
-1262.844   0.52  261.245
-1262.635   0.23  261.250
-1262.438   0.27  261.255
-1262.248   0.43  261.260
-1262.051  -0.08  261.265
-1261.850   0.16  261.270
-1261.659   0.04  261.275
-1261.476   0.00  261.280
-1261.280  -0.72  261.285
-1261.102   0.00  261.290
-1260.903  -0.40  261.295
-1260.704   0.25  261.300
-1260.515   0.66  261.305
-1260.324   0.03  261.310
-1260.138   0.75  261.315
-1259.957   0.46  261.320
-1259.755   0.53  261.325
-1259.541   0.20  261.330
-1259.320  -0.14  261.335
-1259.097   0.46  261.340
-1258.893   0.56  261.345
-1258.672   0.41  261.350
-1258.464   0.12  261.355
-1258.243   0.53  261.360
-1258.025   0.05  261.365
-1257.808  -0.12  261.370
-1257.601   0.15  261.375
-1257.388  -0.46  261.380
-1257.209  -0.11  261.385
-1256.999   0.46  261.390
-1256.793   0.60  261.395
-1256.587  -0.40  261.400
-1256.377  -0.37  261.405
-1256.135   0.46  261.410
-1255.911   0.38  261.415
-1255.687   0.86  261.420
-1255.468   0.57  261.425
-1255.226   0.68  261.430
-1254.984   0.71  261.435
-1254.736   1.20  261.440
-1254.475   1.74  261.445
-1254.255   0.94  261.450
-1254.030   0.02  261.455
-1253.790   0.64  261.460
-1253.538  -0.21  261.465
-1253.308   0.83  261.470
-1253.069   1.01  261.475
-1252.861   0.23  261.480
-1252.664   1.38  261.485
-1252.472   0.96  261.490
-1252.267  -0.23  261.495
-1252.063   0.53  261.500
-1251.868   0.46  261.505
-1251.662   0.55  261.510
-1251.457   0.58  261.515
-1251.248   1.01  261.520
-1251.037   0.79  261.525
-1250.799   0.97  261.530
-1250.591   1.04  261.535
-1250.357   0.48  261.540
-1250.148   0.49  261.545
-1249.940   1.34  261.550
-1249.718   1.18  261.555
-1249.513   0.31  261.560
-1249.319   0.74  261.565
-1249.112   0.99  261.570
-1248.925   0.63  261.575
-1248.742   0.91  261.580
-1248.570   0.64  261.585
-1248.351   0.05  261.590
-1248.156   0.47  261.595
-1247.972   0.95  261.600
-1247.787   0.82  261.605
-1247.561  -0.62  261.610
-1247.343   0.57  261.615
-1247.147   0.45  261.620
-1246.943   0.99  261.625
-1246.745   0.19  261.630
-1246.525   0.22  261.635
-1246.310   1.13  261.640
-1246.098   0.64  261.645
-1245.883   1.00  261.650
-1245.669   0.88  261.655
-1245.442   0.91  261.660
-1245.226   0.27  261.665
-1245.009   0.57  261.670
-1244.804   0.73  261.675
-1244.609   0.77  261.680
-1244.425   1.47  261.685
-1244.222   0.91  261.690
-1243.986   0.60  261.695
-1243.760  -0.03  261.700
-1243.547   1.80  261.705
-1243.347   0.84  261.710
-1243.128   0.72  261.715
-1242.912   0.59  261.720
-1242.681   1.17  261.725
-1242.452   0.83  261.730
-1242.201   0.72  261.735
-1241.979   0.69  261.740
-1241.778   0.88  261.745
-1241.565   0.83  261.750
-1241.356   0.58  261.755
-1241.133   0.57  261.760
-1240.925   1.24  261.765
-1240.724   0.81  261.770
-1240.508   0.68  261.775
-1240.296   2.01  261.780
-1240.082   1.26  261.785
-1239.860   1.09  261.790
-1239.634   0.93  261.795
-1239.411   0.52  261.800
-1239.199   0.62  261.805
-1238.972   1.06  261.810
-1238.765   0.67  261.815
-1238.549   0.34  261.820
-1238.348   1.12  261.825
-1238.106   0.19  261.830
-1237.867   0.62  261.835
-1237.636   0.67  261.840
-1237.409   1.18  261.845
-1237.189   0.74  261.850
-1236.967   1.00  261.855
-1236.737   1.47  261.860
-1236.492   1.02  261.865
-1236.254   1.10  261.870
-1236.030   1.09  261.875
-1235.819   0.99  261.880
-1235.612   1.25  261.885
-1235.416   1.09  261.890
-1235.180   1.27  261.895
-1234.968   0.54  261.900
-1234.755   0.94  261.905
-1234.531   0.86  261.910
-1234.300   0.84  261.915
-1234.085   1.16  261.920
-1233.871   1.04  261.925
-1233.651   0.74  261.930
-1233.402   0.72  261.935
-1233.157   1.03  261.940
-1232.932   0.24  261.945
-1232.686   0.80  261.950
-1232.447   1.47  261.955
-1232.206   1.26  261.960
-1231.964   1.10  261.965
-1231.726   1.16  261.970
-1231.499   1.35  261.975
-1231.272   0.61  261.980
-1231.046   0.88  261.985
-1230.812   0.81  261.990
-1230.576   0.81  261.995
-1230.338   1.37  262.000
-1230.121   1.32  262.005
-1229.886   1.12  262.010
-1229.668   0.50  262.015
-1229.461   1.19  262.020
-1229.249   1.35  262.025
-1229.019   1.42  262.030
-1228.781   0.82  262.035
-1228.543   0.93  262.040
-1228.307   0.98  262.045
-1228.086   1.06  262.050
-1227.851   1.64  262.055
-1227.611   1.24  262.060
-1227.361   1.37  262.065
-1227.122   1.27  262.070
-1226.894   0.92  262.075
-1226.665   0.77  262.080
-1226.454   1.81  262.085
-1226.236   1.69  262.090
-1226.020   1.36  262.095
-1225.804   1.78  262.100
-1225.594   1.47  262.105
-1225.391   1.71  262.110
-1225.190   1.26  262.115
-1224.998   1.17  262.120
-1224.775   0.97  262.125
-1224.552   1.40  262.130
-1224.325   1.48  262.135
-1224.128   2.42  262.140
-1223.902   0.83  262.145
-1223.680   1.44  262.150
-1223.436   1.86  262.155
-1223.211   1.27  262.160
-1223.001   1.43  262.165
-1222.796   1.88  262.170
-1222.585   1.46  262.175
-1222.385   1.57  262.180
-1222.166   1.80  262.185
-1221.943   1.25  262.190
-1221.735   0.86  262.195
-1221.519   1.22  262.200
-1221.326   1.00  262.205
-1221.140   1.50  262.210
-1220.950   1.81  262.215
-1220.777   1.64  262.220
-1220.589   1.23  262.225
-1220.380   1.28  262.230
-1220.160   1.68  262.235
-1219.936   1.32  262.240
-1219.737   1.41  262.245
-1219.534   1.82  262.250
-1219.326   1.34  262.255
-1219.118   1.45  262.260
-1218.894   1.74  262.265
-1218.670   1.34  262.270
-1218.476   1.42  262.275
-1218.304   1.80  262.280
-1218.138   1.90  262.285
-1217.929   0.80  262.290
-1217.716   1.04  262.295
-1217.549   0.68  262.300
-1217.372   1.06  262.305
-1217.201   1.46  262.310
-1217.037   1.35  262.315
-1216.827   2.08  262.320
-1216.608   1.37  262.325
-1216.373   1.06  262.330
-1216.151   1.48  262.335
-1215.944   1.77  262.340
-1215.739   1.84  262.345
-1215.511   1.66  262.350
-1215.274   1.33  262.355
-1215.024   1.18  262.360
-1214.782   1.89  262.365
-1214.558   1.41  262.370
-1214.327   1.91  262.375
-1214.129   1.57  262.380
-1213.902   1.57  262.385
-1213.699   1.50  262.390
-1213.476   1.97  262.395
-1213.261   1.20  262.400
-1213.062   0.99  262.405
-1212.869   1.37  262.410
-1212.682   2.32  262.415
-1212.511   1.85  262.420
-1212.306   1.92  262.425
-1212.092   1.71  262.430
-1211.875   1.50  262.435
-1211.628   1.35  262.440
-1211.432   1.01  262.445
-1211.233   0.93  262.450
-1211.001   0.89  262.455
-1210.763   1.81  262.460
-1210.527   1.75  262.465
-1210.285   1.74  262.470
-1210.093   1.34  262.475
-1209.896   1.90  262.480
-1209.715   1.55  262.485
-1209.496   1.70  262.490
-1209.290   1.78  262.495
-1209.098   2.03  262.500
-1208.906   1.48  262.505
-1208.735   1.43  262.510
-1208.568   1.83  262.515
-1208.352   1.56  262.520
-1208.120   1.42  262.525
-1207.902   1.73  262.530
-1207.668   2.40  262.535
-1207.444   1.50  262.540
-1207.208   1.28  262.545
-1207.003   1.66  262.550
-1206.791   2.16  262.555
-1206.557   1.37  262.560
-1206.314   1.64  262.565
-1206.083   1.92  262.570
-1205.847   2.23  262.575
-1205.631   2.16  262.580
-1205.398   1.47  262.585
-1205.180   1.85  262.590
-1204.959   1.69  262.595
-1204.730   1.84  262.600
-1204.502   2.44  262.605
-1204.312   1.95  262.610
-1204.122   1.80  262.615
-1203.941   2.62  262.620
-1203.724   2.08  262.625
-1203.510   1.66  262.630
-1203.290   1.63  262.635
-1203.066   1.79  262.640
-1202.850   1.99  262.645
-1202.642   1.58  262.650
-1202.412   1.78  262.655
-1202.187   1.43  262.660
-1201.955   1.58  262.665
-1201.714   2.36  262.670
-1201.518   1.75  262.675
-1201.328   2.06  262.680
-1201.125   1.36  262.685
-1200.909   2.01  262.690
-1200.727   1.60  262.695
-1200.529   2.26  262.700
-1200.315   1.74  262.705
-1200.113   2.08  262.710
-1199.891   2.04  262.715
-1199.676   2.48  262.720
-1199.447   2.48  262.725
-1199.211   1.85  262.730
-1199.004   2.30  262.735
-1198.782   2.46  262.740
-1198.544   2.21  262.745
-1198.327   1.82  262.750
-1198.125   2.20  262.755
-1197.903   1.53  262.760
-1197.663   2.45  262.765
-1197.439   1.62  262.770
-1197.220   1.93  262.775
-1197.005   1.86  262.780
-1196.776   1.98  262.785
-1196.533   1.82  262.790
-1196.293   2.39  262.795
-1196.079   2.09  262.800
-1195.872   2.17  262.805
-1195.678   2.55  262.810
-1195.479   3.27  262.815
-1195.285   2.23  262.820
-1195.056   2.54  262.825
-1194.830   2.42  262.830
-1194.602   1.65  262.835
-1194.393   2.70  262.840
-1194.169   1.49  262.845
-1193.945   2.37  262.850
-1193.714   2.17  262.855
-1193.483   2.91  262.860
-1193.265   2.11  262.865
-1193.065   2.44  262.870
-1192.876   2.19  262.875
-1192.684   2.32  262.880
-1192.466   2.68  262.885
-1192.233   2.07  262.890
-1192.026   2.20  262.895
-1191.831   2.06  262.900
-1191.628   2.13  262.905
-1191.413   2.19  262.910
-1191.232   1.52  262.915
-1191.055   2.52  262.920
-1190.848   2.56  262.925
-1190.612   3.24  262.930
-1190.406   2.78  262.935
-1190.199   2.50  262.940
-1190.013   2.49  262.945
-1189.833   2.74  262.950
-1189.645   2.35  262.955
-1189.422   2.31  262.960
-1189.216   1.86  262.965
-1189.005   2.14  262.970
-1188.793   2.87  262.975
-1188.593   1.92  262.980
-1188.404   2.34  262.985
-1188.188   2.52  262.990
-1187.969   2.46  262.995
-1187.775   2.50  263.000
-1187.583   2.40  263.005
-1187.419   1.85  263.010
-1187.244   2.04  263.015
-1187.022   2.65  263.020
-1186.787   2.54  263.025
-1186.557   3.07  263.030
-1186.328   2.19  263.035
-1186.132   3.06  263.040
-1185.917   2.47  263.045
-1185.688   2.29  263.050
-1185.450   2.39  263.055
-1185.223   2.78  263.060
-1185.003   2.66  263.065
-1184.763   2.34  263.070
-1184.529   1.93  263.075
-1184.319   2.57  263.080
-1184.101   2.33  263.085
-1183.879   2.22  263.090
-1183.651   2.53  263.095
-1183.422   2.49  263.100
-1183.200   2.79  263.105
-1182.981   2.69  263.110
-1182.777   2.44  263.115
-1182.565   2.38  263.120
-1182.323   2.66  263.125
-1182.074   2.59  263.130
-1181.862   2.76  263.135
-1181.622   2.78  263.140
-1181.396   2.65  263.145
-1181.173   3.10  263.150
-1180.948   2.63  263.155
-1180.706   2.73  263.160
-1180.453   2.94  263.165
-1180.209   2.88  263.170
-1179.994   3.25  263.175
-1179.793   3.08  263.180
-1179.602   2.93  263.185
-1179.378   2.81  263.190
-1179.147   2.69  263.195
-1178.943   2.95  263.200
-1178.748   2.39  263.205
-1178.560   1.89  263.210
-1178.367   2.82  263.215
-1178.135   3.06  263.220
-1177.903   2.59  263.225
-1177.664   2.89  263.230
-1177.431   3.22  263.235
-1177.207   3.01  263.240
-1176.982   3.23  263.245
-1176.768   2.91  263.250
-1176.566   3.05  263.255
-1176.344   3.22  263.260
-1176.112   3.12  263.265
-1175.893   3.55  263.270
-1175.677   2.63  263.275
-1175.472   3.05  263.280
-1175.265   2.91  263.285
-1175.042   3.16  263.290
-1174.830   3.37  263.295
-1174.631   2.85  263.300
-1174.413   3.33  263.305
-1174.209   3.45  263.310
-1174.009   2.89  263.315
-1173.819   3.47  263.320
-1173.593   3.34  263.325
-1173.375   2.98  263.330
-1173.166   3.07  263.335
-1172.945   3.59  263.340
-1172.742   3.19  263.345
-1172.534   3.16  263.350
-1172.301   3.38  263.355
-1172.084   3.56  263.360
-1171.841   3.10  263.365
-1171.612   3.11  263.370
-1171.427   3.28  263.375
-1171.241   3.30  263.380
-1171.031   3.51  263.385
-1170.795   3.50  263.390
-1170.583   3.91  263.395
-1170.374   3.40  263.400
-1170.168   3.61  263.405
-1169.949   3.29  263.410
-1169.736   3.20  263.415
-1169.509   3.18  263.420
-1169.285   3.73  263.425
-1169.044   3.23  263.430
-1168.842   4.06  263.435
-1168.619   2.97  263.440
-1168.411   3.37  263.445
-1168.209   3.99  263.450
-1168.003   3.55  263.455
-1167.802   3.54  263.460
-1167.573   3.99  263.465
-1167.347   3.28  263.470
-1167.125   3.47  263.475
-1166.917   3.11  263.480
-1166.701   3.35  263.485
-1166.476   3.51  263.490
-1166.236   3.72  263.495
-1166.004   3.49  263.500
-1165.783   3.22  263.505
-1165.592   3.66  263.510
-1165.392   4.07  263.515
-1165.198   3.47  263.520
-1164.964   3.85  263.525
-1164.722   3.69  263.530
-1164.493   3.46  263.535
-1164.294   4.09  263.540
-1164.084   2.64  263.545
-1163.870   3.74  263.550
-1163.647   3.76  263.555
-1163.430   3.50  263.560
-1163.203   3.80  263.565
-1162.992   3.89  263.570
-1162.805   3.60  263.575
-1162.623   3.33  263.580
-1162.406   4.00  263.585
-1162.175   3.58  263.590
-1161.966   4.04  263.595
-1161.762   3.93  263.600
-1161.549   3.66  263.605
-1161.341   4.26  263.610
-1161.138   3.86  263.615
-1160.957   4.18  263.620
-1160.768   3.91  263.625
-1160.555   4.01  263.630
-1160.355   3.96  263.635
-1160.148   4.02  263.640
-1159.935   3.86  263.645
-1159.739   3.65  263.650
-1159.559   3.36  263.655
-1159.357   3.82  263.660
-1159.134   3.92  263.665
-1158.913   3.90  263.670
-1158.707   3.81  263.675
-1158.508   4.07  263.680
-1158.297   3.57  263.685
-1158.075   4.09  263.690
-1157.855   3.58  263.695
-1157.659   3.74  263.700
-1157.464   4.14  263.705
-1157.286   4.28  263.710
-1157.102   4.71  263.715
-1156.900   4.26  263.720
-1156.675   4.39  263.725
-1156.445   4.02  263.730
-1156.214   4.11  263.735
-1156.012   4.28  263.740
-1155.797   4.85  263.745
-1155.580   4.49  263.750
-1155.343   4.52  263.755
-1155.114   3.97  263.760
-1154.881   4.52  263.765
-1154.640   4.18  263.770
-1154.407   4.39  263.775
-1154.193   4.01  263.780
-1153.947   4.14  263.785
-1153.733   4.18  263.790
-1153.525   3.67  263.795
-1153.323   3.79  263.800
-1153.098   4.16  263.805
-1152.864   4.36  263.810
-1152.648   4.19  263.815
-1152.451   4.10  263.820
-1152.221   4.55  263.825
-1151.989   4.50  263.830
-1151.764   4.54  263.835
-1151.550   4.32  263.840
-1151.339   4.20  263.845
-1151.123   4.11  263.850
-1150.899   4.21  263.855
-1150.656   4.62  263.860
-1150.413   4.65  263.865
-1150.164   4.09  263.870
-1149.953   4.99  263.875
-1149.750   4.61  263.880
-1149.543   4.25  263.885
-1149.307   4.82  263.890
-1149.078   4.51  263.895
-1148.877   4.39  263.900
-1148.680   4.83  263.905
-1148.463   4.65  263.910
-1148.245   4.67  263.915
-1148.016   4.73  263.920
-1147.788   5.07  263.925
-1147.547   4.71  263.930
-1147.303   4.41  263.935
-1147.104   4.46  263.940
-1146.878   4.76  263.945
-1146.643   4.25  263.950
-1146.415   4.36  263.955
-1146.185   4.98  263.960
-1145.964   4.77  263.965
-1145.755   4.73  263.970
-1145.535   5.04  263.975
-1145.345   5.05  263.980
-1145.127   5.18  263.985
-1144.916   4.84  263.990
-1144.693   4.23  263.995
-1144.478   4.72  264.000
-1144.227   4.87  264.005
-1143.999   4.73  264.010
-1143.778   4.87  264.015
-1143.560   4.68  264.020
-1143.336   5.03  264.025
-1143.100   5.37  264.030
-1142.838   5.12  264.035
-1142.581   4.91  264.040
-1142.354   4.68  264.045
-1142.134   5.29  264.050
-1141.899   4.72  264.055
-1141.661   4.85  264.060
-1141.450   5.39  264.065
-1141.245   5.33  264.070
-1141.053   5.19  264.075
-1140.879   4.68  264.080
-1140.698   5.58  264.085
-1140.456   5.54  264.090
-1140.221   4.65  264.095
-1139.982   5.10  264.100
-1139.777   5.21  264.105
-1139.551   5.14  264.110
-1139.327   5.29  264.115
-1139.073   5.13  264.120
-1138.834   5.34  264.125
-1138.588   5.22  264.130
-1138.348   5.17  264.135
-1138.115   5.48  264.140
-1137.891   5.35  264.145
-1137.659   4.98  264.150
-1137.416   5.23  264.155
-1137.226   5.06  264.160
-1137.015   5.75  264.165
-1136.815   5.32  264.170
-1136.607   5.46  264.175
-1136.406   5.14  264.180
-1136.185   5.60  264.185
-1136.003   5.40  264.190
-1135.809   5.37  264.195
-1135.606   5.17  264.200
-1135.391   5.02  264.205
-1135.176   5.29  264.210
-1134.951   5.53  264.215
-1134.739   5.36  264.220
-1134.498   5.24  264.225
-1134.265   5.56  264.230
-1133.993   5.81  264.235
-1133.740   5.56  264.240
-1133.520   6.20  264.245
-1133.295   5.96  264.250
-1133.072   5.74  264.255
-1132.827   5.90  264.260
-1132.611   5.87  264.265
-1132.397   5.94  264.270
-1132.215   5.52  264.275
-1132.001   5.81  264.280
-1131.784   6.17  264.285
-1131.548   5.91  264.290
-1131.343   6.57  264.295
-1131.134   5.84  264.300
-1130.950   5.81  264.305
-1130.773   5.51  264.310
-1130.577   5.86  264.315
-1130.379   5.81  264.320
-1130.182   5.56  264.325
-1130.000   5.88  264.330
-1129.819   5.91  264.335
-1129.671   5.95  264.340
-1129.517   5.77  264.345
-1129.370   6.11  264.350
-1129.215   6.02  264.355
-1129.076   6.13  264.360
-1128.939   6.27  264.365
-1128.838   6.18  264.370
-1128.716   6.08  264.375
-1128.618   6.34  264.380
-1128.515   5.50  264.385
-1128.432   5.85  264.390
-1128.344   6.31  264.395
-1128.128   6.05  264.400
-1127.933   6.16  264.405
-1127.731   6.65  264.410
-1127.526   6.01  264.415
-1127.299   5.71  264.420
-1127.088   5.98  264.425
-1126.843   6.12  264.430
-1126.623   6.39  264.435
-1126.424   5.89  264.440
-1126.241   5.91  264.445
-1126.035   6.03  264.450
-1125.808   6.02  264.455
-1125.571   6.10  264.460
-1125.335   6.23  264.465
-1125.095   5.79  264.470
-1124.873   6.19  264.475
-1124.650   6.33  264.480
-1124.385   6.28  264.485
-1124.126   6.32  264.490
-1123.833   6.43  264.495
-1123.567   6.40  264.500
-1123.256   6.52  264.505
-1122.973   6.36  264.510
-1122.668   6.23  264.515
-1122.374   6.50  264.520
-1122.047   6.81  264.525
-1121.723   6.53  264.530
-1121.393   6.69  264.535
-1121.061   6.77  264.540
-1120.716   6.83  264.545
-1120.354   6.65  264.550
-1120.151   6.30  264.555
-1119.920   6.31  264.560
-1119.689   6.22  264.565
-1119.453   6.64  264.570
-1119.232   6.53  264.575
-1119.014   6.43  264.580
-1118.815   6.69  264.585
-1118.587   7.00  264.590
-1118.350   6.99  264.595
-1118.085   6.62  264.600
-1117.864   6.99  264.605
-1117.637   6.64  264.610
-1117.415   6.76  264.615
-1117.171   6.99  264.620
-1116.941   7.22  264.625
-1116.687   6.90  264.630
-1116.451   6.99  264.635
-1116.244   6.89  264.640
-1116.033   7.20  264.645
-1115.826   7.51  264.650
-1115.574   6.99  264.655
-1115.369   7.11  264.660
-1115.145   6.98  264.665
-1114.928   7.01  264.670
-1114.684   7.14  264.675
-1114.446   7.54  264.680
-1114.230   7.03  264.685
-1114.028   7.47  264.690
-1113.792   7.01  264.695
-1113.577   7.22  264.700
-1113.353   7.06  264.705
-1113.129   7.40  264.710
-1112.909   7.11  264.715
-1112.704   6.83  264.720
-1112.492   7.08  264.725
-1112.289   7.39  264.730
-1112.079   7.27  264.735
-1111.868   7.63  264.740
-1111.669   7.69  264.745
-1111.475   7.63  264.750
-1111.278   7.38  264.755
-1111.030   7.12  264.760
-1110.818   7.49  264.765
-1110.613   7.57  264.770
-1110.428   7.62  264.775
-1110.209   7.54  264.780
-1110.000   7.18  264.785
-1109.776   7.41  264.790
-1109.547   7.65  264.795
-1109.318   7.62  264.800
-1109.111   7.40  264.805
-1108.904   7.72  264.810
-1108.688   7.27  264.815
-1108.459   7.32  264.820
-1108.245   7.49  264.825
-1108.039   7.52  264.830
-1107.845   7.27  264.835
-1107.632   7.42  264.840
-1107.421   7.16  264.845
-1107.210   7.22  264.850
-1106.986   7.68  264.855
-1106.778   7.94  264.860
-1106.569   7.65  264.865
-1106.352   7.70  264.870
-1106.139   7.40  264.875
-1105.938   7.88  264.880
-1105.720   7.84  264.885
-1105.504   7.63  264.890
-1105.273   7.93  264.895
-1105.037   8.04  264.900
-1104.761   7.95  264.905
-1104.523   8.13  264.910
-1104.320   7.84  264.915
-1104.110   8.34  264.920
-1103.867   8.06  264.925
-1103.621   7.94  264.930
-1103.384   8.14  264.935
-1103.169   8.18  264.940
-1102.948   8.21  264.945
-1102.734   8.12  264.950
-1102.511   8.43  264.955
-1102.268   8.19  264.960
-1102.050   8.43  264.965
-1101.841   8.10  264.970
-1101.635   8.27  264.975
-1101.411   8.40  264.980
-1101.178   8.42  264.985
-1100.936   8.51  264.990
-1100.690   8.38  264.995
-1100.459   8.62  265.000
-1100.247   8.55  265.005
-1100.009   8.89  265.010
-1099.784   8.48  265.015
-1099.575   8.58  265.020
-1099.371   8.32  265.025
-1099.134   8.11  265.030
-1098.898   8.70  265.035
-1098.672   8.20  265.040
-1098.448   8.80  265.045
-1098.206   8.73  265.050
-1097.965   8.93  265.055
-1097.787   8.73  265.060
-1097.587   8.84  265.065
-1097.358   8.68  265.070
-1097.113   9.00  265.075
-1096.887   8.93  265.080
-1096.655   8.69  265.085
-1096.429   8.97  265.090
-1096.183   8.85  265.095
-1095.945   8.99  265.100
-1095.699   8.82  265.105
-1095.468   8.70  265.110
-1095.228   8.93  265.115
-1094.983   8.58  265.120
-1094.743   8.79  265.125
-1094.503   9.03  265.130
-1094.259   9.10  265.135
-1094.035   8.84  265.140
-1093.810   9.20  265.145
-1093.600   8.92  265.150
-1093.341   9.32  265.155
-1093.093   9.26  265.160
-1092.884   9.05  265.165
-1092.677   9.04  265.170
-1092.424   9.22  265.175
-1092.170   9.46  265.180
-1091.952   9.29  265.185
-1091.733   9.50  265.190
-1091.500   9.74  265.195
-1091.244   9.16  265.200
-1091.022   9.22  265.205
-1090.802   9.38  265.210
-1090.556   9.36  265.215
-1090.307   9.23  265.220
-1090.079   9.20  265.225
-1089.848   8.78  265.230
-1089.618   9.06  265.235
-1089.405   9.34  265.240
-1089.201   9.73  265.245
-1088.986   9.06  265.250
-1088.761   9.25  265.255
-1088.535   9.65  265.260
-1088.309   9.64  265.265
-1088.100   9.28  265.270
-1087.882   9.60  265.275
-1087.653   9.37  265.280
-1087.432   9.77  265.285
-1087.206   9.49  265.290
-1086.982   9.65  265.295
-1086.766   9.57  265.300
-1086.553   9.33  265.305
-1086.362   9.91  265.310
-1086.148   9.92  265.315
-1085.926  10.04  265.320
-1085.684   9.74  265.325
-1085.477   9.69  265.330
-1085.291  10.35  265.335
-1085.087  10.12  265.340
-1084.887  10.12  265.345
-1084.701  10.02  265.350
-1084.480   9.83  265.355
-1084.265   9.64  265.360
-1084.072   9.80  265.365
-1083.871  10.11  265.370
-1083.653   9.77  265.375
-1083.435  10.45  265.380
-1083.239  10.26  265.385
-1083.005  10.28  265.390
-1082.785  10.49  265.395
-1082.564  10.23  265.400
-1082.332  10.38  265.405
-1082.113  10.28  265.410
-1081.908  10.36  265.415
-1081.697  10.56  265.420
-1081.486  10.73  265.425
-1081.277  10.53  265.430
-1081.091  10.38  265.435
-1080.892  10.33  265.440
-1080.724  10.64  265.445
-1080.509  10.47  265.450
-1080.292  10.59  265.455
-1080.072  10.99  265.460
-1079.846  10.54  265.465
-1079.632  10.48  265.470
-1079.431  10.41  265.475
-1079.220  10.59  265.480
-1078.991  10.63  265.485
-1078.729  10.69  265.490
-1078.481  10.74  265.495
-1078.240  10.48  265.500
-1077.998  10.34  265.505
-1077.792  10.60  265.510
-1077.575  10.62  265.515
-1077.332  10.76  265.520
-1077.084  10.56  265.525
-1076.867  10.69  265.530
-1076.644  10.81  265.535
-1076.424  10.75  265.540
-1076.241  10.85  265.545
-1076.041  10.86  265.550
-1075.793  10.89  265.555
-1075.580  10.89  265.560
-1075.360  10.44  265.565
-1075.128  10.87  265.570
-1074.883  10.56  265.575
-1074.636  10.71  265.580
-1074.408  11.14  265.585
-1074.160  11.16  265.590
-1073.901  11.04  265.595
-1073.638  11.21  265.600
-1073.399  10.99  265.605
-1073.180  11.35  265.610
-1072.933  11.03  265.615
-1072.680  10.80  265.620
-1072.446  10.80  265.625
-1072.191  11.05  265.630
-1071.959  10.76  265.635
-1071.737  11.01  265.640
-1071.543  10.91  265.645
-1071.343  11.32  265.650
-1071.123  11.10  265.655
-1070.877  11.26  265.660
-1070.658  11.15  265.665
-1070.445  11.49  265.670
-1070.239  11.27  265.675
-1070.017  11.27  265.680
-1069.785  11.47  265.685
-1069.563  11.42  265.690
-1069.348  11.47  265.695
-1069.103  11.34  265.700
-1068.864  11.08  265.705
-1068.634  11.46  265.710
-1068.404  11.33  265.715
-1068.174  11.52  265.720
-1067.948  11.51  265.725
-1067.709  11.59  265.730
-1067.474  11.52  265.735
-1067.248  11.72  265.740
-1067.020  11.68  265.745
-1066.808  11.51  265.750
-1066.574  11.78  265.755
-1066.357  11.51  265.760
-1066.123  11.57  265.765
-1065.912  11.46  265.770
-1065.689  11.72  265.775
-1065.452  11.86  265.780
-1065.231  11.81  265.785
-1065.024  12.16  265.790
-1064.787  11.82  265.795
-1064.548  11.56  265.800
-1064.299  12.61  265.805
-1064.080  12.13  265.810
-1063.862  11.99  265.815
-1063.627  12.18  265.820
-1063.383  11.88  265.825
-1063.148  12.35  265.830
-1062.944  12.15  265.835
-1062.728  12.18  265.840
-1062.513  12.34  265.845
-1062.284  12.42  265.850
-1062.069  12.45  265.855
-1061.825  12.17  265.860
-1061.626  12.23  265.865
-1061.416  12.29  265.870
-1061.197  12.38  265.875
-1060.965  12.38  265.880
-1060.764  12.25  265.885
-1060.558  12.38  265.890
-1060.325  12.49  265.895
-1060.076  12.65  265.900
-1059.830  12.73  265.905
-1059.594  12.33  265.910
-1059.356  12.48  265.915
-1059.126  12.61  265.920
-1058.886  12.53  265.925
-1058.646  12.71  265.930
-1058.417  12.57  265.935
-1058.189  12.88  265.940
-1057.950  12.91  265.945
-1057.725  12.68  265.950
-1057.480  12.87  265.955
-1057.241  12.97  265.960
-1056.991  13.14  265.965
-1056.750  13.09  265.970
-1056.509  13.26  265.975
-1056.281  12.80  265.980
-1056.040  13.21  265.985
-1055.784  13.09  265.990
-1055.525  13.00  265.995
-1055.268  12.98  266.000
-1055.009  13.25  266.005
-1054.782  13.09  266.010
-1054.540  13.34  266.015
-1054.285  13.35  266.020
-1054.019  13.17  266.025
-1053.769  13.25  266.030
-1053.537  13.25  266.035
-1053.301  13.39  266.040
-1053.073  13.27  266.045
-1052.845  13.41  266.050
-1052.613  13.47  266.055
-1052.388  13.47  266.060
-1052.172  13.21  266.065
-1051.952  13.65  266.070
-1051.714  13.55  266.075
-1051.473  13.51  266.080
-1051.249  13.78  266.085
-1051.016  13.69  266.090
-1050.786  13.62  266.095
-1050.527  13.25  266.100
-1050.295  13.19  266.105
-1050.042  13.16  266.110
-1049.805  13.07  266.115
-1049.564  13.08  266.120
-1049.343  13.49  266.125
-1049.099  13.37  266.130
-1048.858  13.52  266.135
-1048.626  13.58  266.140
-1048.400  13.35  266.145
-1048.176  13.37  266.150
-1047.963  13.49  266.155
-1047.718  13.41  266.160
-1047.460  13.22  266.165
-1047.226  13.44  266.170
-1046.990  13.46  266.175
-1046.786  13.78  266.180
-1046.570  13.51  266.185
-1046.328  13.69  266.190
-1046.069  13.53  266.195
-1045.821  13.38  266.200
-1045.570  13.73  266.205
-1045.353  13.90  266.210
-1045.101  13.59  266.215
-1044.859  13.83  266.220
-1044.596  13.62  266.225
-1044.342  13.95  266.230
-1044.096  13.81  266.235
-1043.858  13.95  266.240
-1043.640  14.06  266.245
-1043.414  13.99  266.250
-1043.178  14.06  266.255
-1042.933  13.95  266.260
-1042.719  13.79  266.265
-1042.499  13.98  266.270
-1042.236  14.28  266.275
-1041.988  14.22  266.280
-1041.755  14.03  266.285
-1041.534  14.13  266.290
-1041.299  14.24  266.295
-1041.055  14.55  266.300
-1040.829  14.33  266.305
-1040.564  14.10  266.310
-1040.344  14.46  266.315
-1040.125  14.15  266.320
-1039.905  14.09  266.325
-1039.680  14.29  266.330
-1039.441  14.44  266.335
-1039.211  14.73  266.340
-1038.993  14.61  266.345
-1038.793  14.79  266.350
-1038.585  14.80  266.355
-1038.351  14.83  266.360
-1038.113  15.13  266.365
-1037.880  15.12  266.370
-1037.669  15.05  266.375
-1037.455  14.99  266.380
-1037.235  15.11  266.385
-1037.018  15.10  266.390
-1036.796  15.34  266.395
-1036.563  15.18  266.400
-1036.331  14.66  266.405
-1036.121  14.70  266.410
-1035.888  14.98  266.415
-1035.658  14.87  266.420
-1035.417  15.20  266.425
-1035.221  15.06  266.430
-1034.996  15.07  266.435
-1034.794  15.11  266.440
-1034.577  15.18  266.445
-1034.371  15.19  266.450
-1034.132  14.91  266.455
-1033.896  15.29  266.460
-1033.697  15.31  266.465
-1033.485  15.55  266.470
-1033.233  15.41  266.475
-1033.002  15.59  266.480
-1032.786  15.63  266.485
-1032.570  15.59  266.490
-1032.315  15.77  266.495
-1032.080  15.74  266.500
-1031.881  15.66  266.505
-1031.656  15.72  266.510
-1031.433  15.35  266.515
-1031.208  15.73  266.520
-1031.006  15.46  266.525
-1030.768  15.55  266.530
-1030.557  15.56  266.535
-1030.333  15.75  266.540
-1030.130  15.82  266.545
-1029.932  15.80  266.550
-1029.720  16.07  266.555
-1029.483  15.96  266.560
-1029.253  15.96  266.565
-1029.042  15.88  266.570
-1028.835  16.13  266.575
-1028.604  16.26  266.580
-1028.370  15.93  266.585
-1028.138  15.77  266.590
-1027.897  15.94  266.595
-1027.661  15.94  266.600
-1027.429  16.02  266.605
-1027.198  16.14  266.610
-1026.976  16.24  266.615
-1026.738  16.53  266.620
-1026.508  16.40  266.625
-1026.301  16.55  266.630
-1026.077  16.19  266.635
-1025.850  16.45  266.640
-1025.622  16.48  266.645
-1025.421  16.45  266.650
-1025.198  16.49  266.655
-1024.928  16.67  266.660
-1024.687  16.50  266.665
-1024.477  16.53  266.670
-1024.248  16.87  266.675
-1024.013  16.67  266.680
-1023.790  16.79  266.685
-1023.567  16.71  266.690
-1023.347  16.69  266.695
-1023.105  16.91  266.700
-1022.867  17.07  266.705
-1022.643  17.22  266.710
-1022.406  16.91  266.715
-1022.170  16.71  266.720
-1021.928  16.74  266.725
-1021.674  17.10  266.730
-1021.458  16.85  266.735
-1021.238  16.92  266.740
-1021.021  16.88  266.745
-1020.813  16.71  266.750
-1020.577  16.90  266.755
-1020.325  16.89  266.760
-1020.102  16.93  266.765
-1019.876  17.10  266.770
-1019.654  17.21  266.775
-1019.396  17.03  266.780
-1019.165  16.93  266.785
-1018.946  17.08  266.790
-1018.736  17.18  266.795
-1018.499  17.15  266.800
-1018.264  17.42  266.805
-1018.033  17.39  266.810
-1017.794  17.11  266.815
-1017.555  17.15  266.820
-1017.323  16.99  266.825
-1017.105  17.11  266.830
-1016.874  17.24  266.835
-1016.641  17.44  266.840
-1016.400  17.64  266.845
-1016.161  17.30  266.850
-1015.915  17.50  266.855
-1015.657  17.29  266.860
-1015.411  17.43  266.865
-1015.185  17.49  266.870
-1014.954  17.66  266.875
-1014.737  17.53  266.880
-1014.525  17.95  266.885
-1014.295  18.03  266.890
-1014.053  17.85  266.895
-1013.827  17.80  266.900
-1013.601  17.79  266.905
-1013.373  17.79  266.910
-1013.145  17.66  266.915
-1012.933  17.75  266.920
-1012.688  17.92  266.925
-1012.430  18.04  266.930
-1012.217  17.70  266.935
-1012.002  17.92  266.940
-1011.784  17.77  266.945
-1011.567  17.97  266.950
-1011.334  17.84  266.955
-1011.091  17.85  266.960
-1010.859  17.96  266.965
-1010.648  18.28  266.970
-1010.435  18.21  266.975
-1010.203  18.00  266.980
-1009.957  18.09  266.985
-1009.735  18.26  266.990
-1009.520  17.94  266.995
-1009.285  18.27  267.000
-1009.069  18.29  267.005
-1008.845  18.35  267.010
-1008.621  18.52  267.015
-1008.382  18.44  267.020
-1008.172  18.32  267.025
-1007.926  18.63  267.030
-1007.682  18.73  267.035
-1007.441  18.46  267.040
-1007.220  18.61  267.045
-1006.958  18.74  267.050
-1006.707  18.70  267.055
-1006.453  18.71  267.060
-1006.222  18.64  267.065
-1005.994  18.84  267.070
-1005.761  18.76  267.075
-1005.555  18.70  267.080
-1005.363  18.85  267.085
-1005.153  18.90  267.090
-1004.922  18.86  267.095
-1004.684  19.10  267.100
-1004.429  18.88  267.105
-1004.214  19.03  267.110
-1003.986  19.09  267.115
-1003.757  19.13  267.120
-1003.516  19.30  267.125
-1003.285  19.23  267.130
-1003.058  19.26  267.135
-1002.844  19.04  267.140
-1002.631  19.29  267.145
-1002.406  19.35  267.150
-1002.163  19.22  267.155
-1001.933  19.12  267.160
-1001.714  19.44  267.165
-1001.494  19.36  267.170
-1001.232  19.40  267.175
-1000.977  19.45  267.180
-1000.769  19.36  267.185
-1000.551  19.52  267.190
-1000.318  19.72  267.195
-1000.067  19.47  267.200
 -999.875  19.46  267.205
 -999.645  19.66  267.210
 -999.415  19.62  267.215
 -999.193  19.47  267.220
 -998.973  19.62  267.225
 -998.739  19.85  267.230
 -998.504  19.76  267.235
 -998.271  19.81  267.240
 -998.036  19.93  267.245
 -997.811  19.83  267.250
 -997.590  19.97  267.255
 -997.359  19.94  267.260
 -997.117  19.91  267.265
 -996.881  20.06  267.270
 -996.662  19.85  267.275
 -996.441  19.96  267.280
 -996.210  20.09  267.285
 -995.967  20.13  267.290
 -995.721  20.05  267.295
 -995.476  20.11  267.300
 -995.225  20.08  267.305
 -995.011  20.09  267.310
 -994.764  20.54  267.315
 -994.521  20.35  267.320
 -994.278  20.17  267.325
 -994.072  20.28  267.330
 -993.858  20.21  267.335
 -993.632  20.40  267.340
 -993.418  20.22  267.345
 -993.213  20.46  267.350
 -992.974  20.59  267.355
 -992.730  20.41  267.360
 -992.507  20.56  267.365
 -992.278  20.48  267.370
 -992.005  20.81  267.375
 -991.755  20.56  267.380
 -991.521  20.39  267.385
 -991.290  20.67  267.390
 -991.036  20.82  267.395
 -990.774  20.79  267.400
 -990.505  21.09  267.405
 -990.234  20.93  267.410
 -989.980  21.06  267.415
 -989.740  20.82  267.420
 -989.516  20.87  267.425
 -989.263  20.84  267.430
 -989.028  21.02  267.435
 -988.787  20.95  267.440
 -988.565  21.02  267.445
 -988.353  21.29  267.450
 -988.139  21.33  267.455
 -987.915  21.19  267.460
 -987.693  21.24  267.465
 -987.464  21.46  267.470
 -987.252  21.35  267.475
 -987.044  21.46  267.480
 -986.830  21.42  267.485
 -986.594  21.34  267.490
 -986.363  21.43  267.495
 -986.121  21.46  267.500
 -985.885  21.48  267.505
 -985.650  21.53  267.510
 -985.426  21.65  267.515
 -985.207  21.47  267.520
 -984.983  21.53  267.525
 -984.784  21.63  267.530
 -984.563  21.71  267.535
 -984.344  21.79  267.540
 -984.126  21.91  267.545
 -983.929  21.64  267.550
 -983.712  21.80  267.555
 -983.505  21.94  267.560
 -983.303  22.00  267.565
 -983.102  22.03  267.570
 -982.889  21.99  267.575
 -982.680  21.87  267.580
 -982.475  22.04  267.585
 -982.281  22.11  267.590
 -982.047  22.26  267.595
 -981.822  22.01  267.600
 -981.611  22.12  267.605
 -981.384  22.07  267.610
 -981.152  22.07  267.615
 -980.913  21.99  267.620
 -980.680  22.09  267.625
 -980.444  22.24  267.630
 -980.234  22.30  267.635
 -980.017  22.32  267.640
 -979.823  22.24  267.645
 -979.622  22.50  267.650
 -979.419  22.32  267.655
 -979.180  22.43  267.660
 -978.985  22.29  267.665
 -978.770  22.56  267.670
 -978.550  22.55  267.675
 -978.313  22.59  267.680
 -978.090  22.47  267.685
 -977.844  22.67  267.690
 -977.615  22.68  267.695
 -977.374  22.54  267.700
 -977.138  22.68  267.705
 -976.897  22.92  267.710
 -976.662  22.80  267.715
 -976.434  22.70  267.720
 -976.198  22.86  267.725
 -975.965  23.04  267.730
 -975.722  23.01  267.735
 -975.493  23.01  267.740
 -975.245  22.96  267.745
 -975.029  22.86  267.750
 -974.790  23.32  267.755
 -974.544  23.04  267.760
 -974.318  23.04  267.765
 -974.107  23.17  267.770
 -973.897  23.14  267.775
 -973.695  23.05  267.780
 -973.479  23.57  267.785
 -973.231  23.34  267.790
 -972.982  23.46  267.795
 -972.713  23.50  267.800
 -972.453  23.52  267.805
 -972.192  23.49  267.810
 -971.955  23.56  267.815
 -971.706  23.56  267.820
 -971.466  23.45  267.825
 -971.216  23.69  267.830
 -970.986  23.39  267.835
 -970.751  23.58  267.840
 -970.562  23.61  267.845
 -970.359  23.65  267.850
 -970.150  23.68  267.855
 -969.898  23.74  267.860
 -969.687  23.64  267.865
 -969.466  23.60  267.870
 -969.248  23.77  267.875
 -969.009  23.93  267.880
 -968.770  23.85  267.885
 -968.537  23.95  267.890
 -968.306  23.85  267.895
 -968.053  23.98  267.900
 -967.819  24.08  267.905
 -967.581  24.25  267.910
 -967.343  23.92  267.915
 -967.094  24.01  267.920
 -966.855  24.07  267.925
 -966.594  24.16  267.930
 -966.347  24.16  267.935
 -966.114  24.31  267.940
 -965.886  24.36  267.945
 -965.660  24.18  267.950
 -965.424  24.52  267.955
 -965.182  24.22  267.960
 -964.951  24.40  267.965
 -964.733  24.50  267.970
 -964.493  24.69  267.975
 -964.273  24.55  267.980
 -964.050  24.79  267.985
 -963.819  24.59  267.990
 -963.573  24.76  267.995
 -963.320  24.75  268.000
 -963.050  24.83  268.005
 -962.806  24.94  268.010
 -962.575  24.81  268.015
 -962.331  24.69  268.020
 -962.081  24.82  268.025
 -961.829  25.09  268.030
 -961.595  24.76  268.035
 -961.367  24.98  268.040
 -961.154  25.24  268.045
 -960.921  25.33  268.050
 -960.708  25.35  268.055
 -960.469  25.25  268.060
 -960.248  25.12  268.065
 -960.017  25.30  268.070
 -959.789  25.34  268.075
 -959.532  25.27  268.080
 -959.312  25.41  268.085
 -959.087  25.48  268.090
 -958.861  25.46  268.095
 -958.621  25.34  268.100
 -958.380  25.45  268.105
 -958.130  25.58  268.110
 -957.902  25.58  268.115
 -957.673  25.47  268.120
 -957.439  25.59  268.125
 -957.197  25.71  268.130
 -956.953  25.55  268.135
 -956.715  25.64  268.140
 -956.478  25.70  268.145
 -956.238  25.82  268.150
 -955.985  25.89  268.155
 -955.744  26.06  268.160
 -955.500  25.89  268.165
 -955.283  25.90  268.170
 -955.070  26.07  268.175
 -954.861  26.12  268.180
 -954.648  26.06  268.185
 -954.423  26.20  268.190
 -954.177  26.17  268.195
 -953.923  25.98  268.200
 -953.675  26.00  268.205
 -953.440  26.24  268.210
 -953.203  26.25  268.215
 -952.959  26.30  268.220
 -952.714  26.24  268.225
 -952.460  26.43  268.230
 -952.239  26.35  268.235
 -952.035  26.41  268.240
 -951.822  26.48  268.245
 -951.594  26.43  268.250
 -951.339  26.50  268.255
 -951.106  26.44  268.260
 -950.912  26.62  268.265
 -950.700  26.59  268.270
 -950.475  26.62  268.275
 -950.237  26.71  268.280
 -950.048  26.76  268.285
 -949.842  26.74  268.290
 -949.616  26.64  268.295
 -949.389  26.79  268.300
 -949.186  26.87  268.305
 -948.972  26.88  268.310
 -948.774  26.81  268.315
 -948.563  26.82  268.320
 -948.338  26.98  268.325
 -948.104  27.13  268.330
 -947.872  27.07  268.335
 -947.640  27.13  268.340
 -947.426  26.99  268.345
 -947.230  27.16  268.350
 -947.033  27.19  268.355
 -946.806  27.15  268.360
 -946.566  27.29  268.365
 -946.339  27.48  268.370
 -946.113  27.43  268.375
 -945.893  27.45  268.380
 -945.690  27.38  268.385
 -945.459  27.43  268.390
 -945.214  27.29  268.395
 -944.979  27.43  268.400
 -944.744  27.50  268.405
 -944.535  27.57  268.410
 -944.325  27.53  268.415
 -944.080  27.49  268.420
 -943.824  27.44  268.425
 -943.579  27.42  268.430
 -943.367  27.62  268.435
 -943.153  27.89  268.440
 -942.939  27.51  268.445
 -942.736  27.84  268.450
 -942.506  27.85  268.455
 -942.271  27.70  268.460
 -942.061  27.97  268.465
 -941.831  27.99  268.470
 -941.573  27.91  268.475
 -941.334  27.87  268.480
 -941.102  28.03  268.485
 -940.880  27.90  268.490
 -940.638  27.99  268.495
 -940.393  28.04  268.500
 -940.135  28.16  268.505
 -939.874  27.99  268.510
 -939.651  27.94  268.515
 -939.418  28.08  268.520
 -939.193  28.11  268.525
 -938.958  28.41  268.530
 -938.730  28.28  268.535
 -938.495  28.41  268.540
 -938.283  28.28  268.545
 -938.061  28.53  268.550
 -937.838  28.38  268.555
 -937.608  28.59  268.560
 -937.382  28.47  268.565
 -937.166  28.58  268.570
 -936.962  28.55  268.575
 -936.751  28.75  268.580
 -936.533  28.59  268.585
 -936.277  28.61  268.590
 -936.023  28.87  268.595
 -935.773  28.76  268.600
 -935.529  28.85  268.605
 -935.302  28.94  268.610
 -935.079  28.89  268.615
 -934.827  28.73  268.620
 -934.580  28.77  268.625
 -934.365  28.92  268.630
 -934.147  29.03  268.635
 -933.919  29.08  268.640
 -933.689  29.00  268.645
 -933.463  29.04  268.650
 -933.214  29.17  268.655
 -932.995  29.31  268.660
 -932.787  29.30  268.665
 -932.563  29.37  268.670
 -932.316  29.38  268.675
 -932.090  29.29  268.680
 -931.870  29.55  268.685
 -931.648  29.55  268.690
 -931.386  29.45  268.695
 -931.134  29.61  268.700
 -930.887  29.52  268.705
 -930.639  29.55  268.710
 -930.374  29.58  268.715
 -930.131  29.50  268.720
 -929.854  29.67  268.725
 -929.598  29.87  268.730
 -929.369  29.93  268.735
 -929.141  29.95  268.740
 -928.934  29.84  268.745
 -928.722  29.91  268.750
 -928.489  30.11  268.755
 -928.229  30.00  268.760
 -927.992  29.99  268.765
 -927.754  30.15  268.770
 -927.529  30.07  268.775
 -927.289  30.07  268.780
 -927.044  30.00  268.785
 -926.785  30.13  268.790
 -926.538  30.16  268.795
 -926.287  30.23  268.800
 -926.045  30.24  268.805
 -925.812  30.16  268.810
 -925.564  30.29  268.815
 -925.285  30.27  268.820
 -925.039  30.23  268.825
 -924.806  30.55  268.830
 -924.532  30.42  268.835
 -924.282  30.54  268.840
 -924.034  30.53  268.845
 -923.812  30.44  268.850
 -923.569  30.77  268.855
 -923.332  30.66  268.860
 -923.105  30.80  268.865
 -922.883  30.87  268.870
 -922.634  30.81  268.875
 -922.418  30.81  268.880
 -922.181  30.91  268.885
 -921.935  31.13  268.890
 -921.676  30.93  268.895
 -921.421  30.85  268.900
 -921.174  31.01  268.905
 -920.944  31.00  268.910
 -920.712  31.04  268.915
 -920.470  31.07  268.920
 -920.221  31.26  268.925
 -919.967  31.30  268.930
 -919.739  31.04  268.935
 -919.521  31.15  268.940
 -919.316  31.26  268.945
 -919.109  31.33  268.950
 -918.873  31.39  268.955
 -918.632  31.32  268.960
 -918.421  31.36  268.965
 -918.197  31.40  268.970
 -917.992  31.57  268.975
 -917.739  31.53  268.980
 -917.501  31.56  268.985
 -917.290  31.56  268.990
 -917.067  31.70  268.995
 -916.817  31.60  269.000
 -916.575  31.57  269.005
 -916.332  31.90  269.010
 -916.079  31.61  269.015
 -915.816  31.73  269.020
 -915.586  31.78  269.025
 -915.356  31.92  269.030
 -915.108  31.75  269.035
 -914.881  31.97  269.040
 -914.656  31.95  269.045
 -914.418  32.06  269.050
 -914.187  32.17  269.055
 -913.945  32.07  269.060
 -913.701  32.09  269.065
 -913.458  32.14  269.070
 -913.219  32.25  269.075
 -912.988  32.24  269.080
 -912.762  32.42  269.085
 -912.533  32.28  269.090
 -912.279  32.28  269.095
 -912.022  32.24  269.100
 -911.765  32.41  269.105
 -911.529  32.42  269.110
 -911.289  32.42  269.115
 -911.038  32.59  269.120
 -910.789  32.60  269.125
 -910.556  32.75  269.130
 -910.344  32.72  269.135
 -910.142  32.68  269.140
 -909.940  32.74  269.145
 -909.730  32.82  269.150
 -909.496  32.83  269.155
 -909.262  32.80  269.160
 -909.038  32.75  269.165
 -908.822  32.89  269.170
 -908.581  32.98  269.175
 -908.333  32.94  269.180
 -908.104  33.08  269.185
 -907.889  33.11  269.190
 -907.647  33.09  269.195
 -907.397  33.23  269.200
 -907.173  33.18  269.205
 -906.938  33.30  269.210
 -906.697  33.25  269.215
 -906.464  33.26  269.220
 -906.256  33.10  269.225
 -906.022  33.32  269.230
 -905.799  33.38  269.235
 -905.581  33.38  269.240
 -905.358  33.35  269.245
 -905.111  33.50  269.250
 -904.868  33.48  269.255
 -904.643  33.53  269.260
 -904.423  33.54  269.265
 -904.182  33.48  269.270
 -903.958  33.55  269.275
 -903.730  33.70  269.280
 -903.493  33.66  269.285
 -903.238  33.59  269.290
 -902.979  33.66  269.295
 -902.710  33.77  269.300
 -902.440  33.96  269.305
 -902.204  33.78  269.310
 -901.983  33.90  269.315
 -901.738  33.98  269.320
 -901.485  34.14  269.325
 -901.260  34.09  269.330
 -901.036  34.01  269.335
 -900.805  34.13  269.340
 -900.578  34.15  269.345
 -900.366  34.29  269.350
 -900.145  34.21  269.355
 -899.908  34.31  269.360
 -899.683  34.35  269.365
 -899.452  34.37  269.370
 -899.212  34.60  269.375
 -898.959  34.50  269.380
 -898.735  34.55  269.385
 -898.498  34.60  269.390
 -898.235  34.54  269.395
 -897.981  34.63  269.400
 -897.762  34.60  269.405
 -897.544  34.81  269.410
 -897.298  34.65  269.415
 -897.043  34.81  269.420
 -896.814  34.64  269.425
 -896.575  34.80  269.430
 -896.340  34.83  269.435
 -896.104  34.70  269.440
 -895.887  34.88  269.445
 -895.649  35.10  269.450
 -895.416  34.86  269.455
 -895.187  35.08  269.460
 -894.965  35.10  269.465
 -894.696  35.19  269.470
 -894.458  35.22  269.475
 -894.229  35.10  269.480
 -893.995  35.21  269.485
 -893.749  35.25  269.490
 -893.500  35.21  269.495
 -893.244  35.22  269.500
 -893.005  35.44  269.505
 -892.745  35.45  269.510
 -892.493  35.29  269.515
 -892.232  35.41  269.520
 -891.984  35.56  269.525
 -891.734  35.52  269.530
 -891.499  35.39  269.535
 -891.269  35.49  269.540
 -891.039  35.78  269.545
 -890.828  35.73  269.550
 -890.596  35.79  269.555
 -890.348  35.78  269.560
 -890.098  36.03  269.565
 -889.857  35.86  269.570
 -889.614  35.87  269.575
 -889.385  36.00  269.580
 -889.165  36.01  269.585
 -888.940  36.10  269.590
 -888.700  36.08  269.595
 -888.451  36.16  269.600
 -888.218  36.09  269.605
 -887.986  36.04  269.610
 -887.758  36.10  269.615
 -887.528  36.12  269.620
 -887.325  36.26  269.625
 -887.096  36.25  269.630
 -886.863  36.36  269.635
 -886.629  36.41  269.640
 -886.401  36.46  269.645
 -886.165  36.43  269.650
 -885.917  36.42  269.655
 -885.656  36.40  269.660
 -885.441  36.46  269.665
 -885.221  36.51  269.670
 -884.988  36.63  269.675
 -884.746  36.72  269.680
 -884.517  36.71  269.685
 -884.273  36.65  269.690
 -884.020  36.78  269.695
 -883.769  36.75  269.700
 -883.532  36.71  269.705
 -883.274  36.70  269.710
 -883.054  36.75  269.715
 -882.829  36.85  269.720
 -882.609  36.90  269.725
 -882.376  37.06  269.730
 -882.128  37.03  269.735
 -881.880  37.03  269.740
 -881.640  37.07  269.745
 -881.402  37.00  269.750
 -881.166  37.10  269.755
 -880.927  37.02  269.760
 -880.689  37.35  269.765
 -880.442  37.29  269.770
 -880.173  37.23  269.775
 -879.921  37.33  269.780
 -879.690  37.41  269.785
 -879.453  37.44  269.790
 -879.191  37.31  269.795
 -878.938  37.41  269.800
 -878.680  37.42  269.805
 -878.439  37.56  269.810
 -878.179  37.50  269.815
 -877.926  37.62  269.820
 -877.668  37.77  269.825
 -877.417  37.69  269.830
 -877.174  37.63  269.835
 -876.923  37.81  269.840
 -876.690  37.78  269.845
 -876.452  37.77  269.850
 -876.215  37.86  269.855
 -875.959  37.82  269.860
 -875.738  37.85  269.865
 -875.492  37.91  269.870
 -875.251  38.07  269.875
 -874.985  38.12  269.880
 -874.737  38.12  269.885
 -874.516  38.11  269.890
 -874.266  38.17  269.895
 -874.030  38.21  269.900
 -873.789  38.28  269.905
 -873.537  38.35  269.910
 -873.296  38.35  269.915
 -873.050  38.43  269.920
 -872.804  38.22  269.925
 -872.572  38.47  269.930
 -872.325  38.56  269.935
 -872.076  38.51  269.940
 -871.832  38.59  269.945
 -871.595  38.60  269.950
 -871.349  38.68  269.955
 -871.121  38.60  269.960
 -870.883  38.70  269.965
 -870.641  38.83  269.970
 -870.394  38.71  269.975
 -870.156  38.83  269.980
 -869.926  38.82  269.985
 -869.694  38.85  269.990
 -869.470  38.84  269.995
 -869.233  38.94  270.000
 -868.985  39.00  270.005
 -868.746  39.08  270.010
 -868.495  39.01  270.015
 -868.254  39.20  270.020
 -867.985  39.11  270.025
 -867.726  39.20  270.030
 -867.487  39.31  270.035
 -867.257  39.37  270.040
 -867.001  39.39  270.045
 -866.754  39.39  270.050
 -866.497  39.44  270.055
 -866.260  39.41  270.060
 -866.017  39.37  270.065
 -865.773  39.34  270.070
 -865.525  39.40  270.075
 -865.266  39.58  270.080
 -865.018  39.65  270.085
 -864.760  39.52  270.090
 -864.517  39.62  270.095
 -864.273  39.52  270.100
 -864.047  39.68  270.105
 -863.797  39.72  270.110
 -863.565  39.83  270.115
 -863.333  39.89  270.120
 -863.117  39.89  270.125
 -862.863  40.07  270.130
 -862.616  39.87  270.135
 -862.378  39.97  270.140
 -862.144  40.06  270.145
 -861.878  40.03  270.150
 -861.619  40.04  270.155
 -861.392  40.16  270.160
 -861.146  40.23  270.165
 -860.891  40.23  270.170
 -860.644  40.16  270.175
 -860.413  40.22  270.180
 -860.191  40.38  270.185
 -859.959  40.38  270.190
 -859.718  40.38  270.195
 -859.486  40.34  270.200
 -859.257  40.60  270.205
 -859.039  40.62  270.210
 -858.784  40.60  270.215
 -858.554  40.51  270.220
 -858.312  40.61  270.225
 -858.091  40.72  270.230
 -857.879  40.59  270.235
 -857.659  40.65  270.240
 -857.465  40.71  270.245
 -857.255  40.83  270.250
 -857.017  40.81  270.255
 -856.775  40.81  270.260
 -856.569  40.85  270.265
 -856.351  40.96  270.270
 -856.116  40.89  270.275
 -855.872  40.90  270.280
 -855.655  40.90  270.285
 -855.442  41.00  270.290
 -855.203  40.97  270.295
 -854.956  41.23  270.300
 -854.729  41.16  270.305
 -854.490  41.19  270.310
 -854.247  41.19  270.315
 -854.017  41.24  270.320
 -853.805  41.22  270.325
 -853.563  41.41  270.330
 -853.352  41.43  270.335
 -853.110  41.58  270.340
 -852.886  41.52  270.345
 -852.629  41.70  270.350
 -852.386  41.46  270.355
 -852.149  41.53  270.360
 -851.908  41.66  270.365
 -851.669  41.67  270.370
 -851.429  41.67  270.375
 -851.220  41.71  270.380
 -850.991  41.81  270.385
 -850.763  41.74  270.390
 -850.543  41.78  270.395
 -850.291  41.87  270.400
 -850.019  41.94  270.405
 -849.780  41.97  270.410
 -849.539  41.96  270.415
 -849.283  41.94  270.420
 -849.029  42.07  270.425
 -848.783  42.14  270.430
 -848.556  42.04  270.435
 -848.326  42.08  270.440
 -848.080  42.27  270.445
 -847.844  42.21  270.450
 -847.601  42.27  270.455
 -847.359  42.36  270.460
 -847.126  42.28  270.465
 -846.886  42.34  270.470
 -846.614  42.35  270.475
 -846.364  42.46  270.480
 -846.120  42.43  270.485
 -845.873  42.56  270.490
 -845.620  42.63  270.495
 -845.362  42.66  270.500
 -845.118  42.55  270.505
 -844.866  42.54  270.510
 -844.612  42.70  270.515
 -844.362  42.77  270.520
 -844.121  42.68  270.525
 -843.878  42.77  270.530
 -843.620  42.80  270.535
 -843.362  42.80  270.540
 -843.124  42.90  270.545
 -842.890  43.09  270.550
 -842.665  42.92  270.555
 -842.429  43.09  270.560
 -842.194  43.08  270.565
 -841.946  43.13  270.570
 -841.692  43.17  270.575
 -841.460  43.13  270.580
 -841.243  43.13  270.585
 -840.991  43.20  270.590
 -840.743  43.32  270.595
 -840.496  43.36  270.600
 -840.261  43.38  270.605
 -840.014  43.31  270.610
 -839.775  43.23  270.615
 -839.535  43.22  270.620
 -839.286  43.27  270.625
 -839.078  43.39  270.630
 -838.851  43.58  270.635
 -838.636  43.60  270.640
 -838.421  43.69  270.645
 -838.184  43.67  270.650
 -837.934  43.70  270.655
 -837.718  43.65  270.660
 -837.500  43.75  270.665
 -837.275  43.72  270.670
 -837.027  43.64  270.675
 -836.801  43.69  270.680
 -836.583  43.95  270.685
 -836.363  43.88  270.690
 -836.135  43.80  270.695
 -835.885  44.11  270.700
 -835.642  44.02  270.705
 -835.390  43.99  270.710
 -835.162  44.09  270.715
 -834.923  44.02  270.720
 -834.694  44.05  270.725
 -834.480  44.08  270.730
 -834.250  44.18  270.735
 -834.010  44.18  270.740
 -833.804  44.25  270.745
 -833.595  44.27  270.750
 -833.368  44.37  270.755
 -833.123  44.38  270.760
 -832.915  44.49  270.765
 -832.694  44.38  270.770
 -832.482  44.45  270.775
 -832.250  44.68  270.780
 -831.997  44.49  270.785
 -831.749  44.42  270.790
 -831.498  44.61  270.795
 -831.249  44.74  270.800
 -831.030  44.68  270.805
 -830.807  44.67  270.810
 -830.573  44.69  270.815
 -830.327  44.71  270.820
 -830.101  44.72  270.825
 -829.843  44.90  270.830
 -829.589  44.90  270.835
 -829.337  45.06  270.840
 -829.086  44.94  270.845
 -828.836  44.91  270.850
 -828.594  45.00  270.855
 -828.336  45.01  270.860
 -828.111  45.10  270.865
 -827.884  45.05  270.870
 -827.637  45.07  270.875
 -827.399  45.16  270.880
 -827.168  45.31  270.885
 -826.926  45.16  270.890
 -826.667  45.30  270.895
 -826.399  45.32  270.900
 -826.144  45.53  270.905
 -825.920  45.46  270.910
 -825.700  45.41  270.915
 -825.459  45.49  270.920
 -825.208  45.60  270.925
 -824.955  45.56  270.930
 -824.747  45.64  270.935
 -824.539  45.63  270.940
 -824.331  45.69  270.945
 -824.128  45.67  270.950
 -823.871  45.85  270.955
 -823.608  45.84  270.960
 -823.381  45.75  270.965
 -823.156  45.87  270.970
 -822.916  45.87  270.975
 -822.664  46.01  270.980
 -822.441  45.88  270.985
 -822.226  45.91  270.990
 -821.994  45.98  270.995
 -821.762  46.07  271.000
 -821.542  46.15  271.005
 -821.294  46.10  271.010
 -821.063  46.21  271.015
 -820.816  46.20  271.020
 -820.594  46.12  271.025
 -820.368  46.41  271.030
 -820.136  46.35  271.035
 -819.902  46.25  271.040
 -819.670  46.37  271.045
 -819.439  46.50  271.050
 -819.199  46.60  271.055
 -818.957  46.48  271.060
 -818.715  46.61  271.065
 -818.466  46.70  271.070
 -818.227  46.60  271.075
 -817.995  46.63  271.080
 -817.773  46.76  271.085
 -817.520  46.69  271.090
 -817.266  46.70  271.095
 -816.998  46.80  271.100
 -816.739  46.95  271.105
 -816.513  47.02  271.110
 -816.283  46.98  271.115
 -816.038  46.89  271.120
 -815.779  47.09  271.125
 -815.536  47.04  271.130
 -815.305  47.07  271.135
 -815.095  47.06  271.140
 -814.865  47.15  271.145
 -814.652  47.10  271.150
 -814.406  47.24  271.155
 -814.156  47.20  271.160
 -813.920  47.42  271.165
 -813.682  47.32  271.170
 -813.442  47.34  271.175
 -813.170  47.36  271.180
 -812.933  47.42  271.185
 -812.709  47.55  271.190
 -812.460  47.47  271.195
 -812.207  47.51  271.200
 -811.963  47.66  271.205
 -811.714  47.56  271.210
 -811.470  47.66  271.215
 -811.228  47.60  271.220
 -811.000  47.59  271.225
 -810.750  47.55  271.230
 -810.516  47.81  271.235
 -810.261  47.75  271.240
 -810.031  47.85  271.245
 -809.782  47.94  271.250
 -809.544  48.06  271.255
 -809.301  48.03  271.260
 -809.071  48.05  271.265
 -808.820  48.06  271.270
 -808.580  48.13  271.275
 -808.338  48.10  271.280
 -808.112  48.18  271.285
 -807.868  48.16  271.290
 -807.605  48.19  271.295
 -807.355  48.29  271.300
 -807.100  48.38  271.305
 -806.865  48.37  271.310
 -806.625  48.32  271.315
 -806.390  48.40  271.320
 -806.144  48.46  271.325
 -805.909  48.48  271.330
 -805.691  48.39  271.335
 -805.478  48.52  271.340
 -805.256  48.63  271.345
 -805.050  48.59  271.350
 -804.814  48.66  271.355
 -804.591  48.60  271.360
 -804.395  48.66  271.365
 -804.173  48.75  271.370
 -803.945  48.76  271.375
 -803.694  48.72  271.380
 -803.470  48.81  271.385
 -803.247  48.86  271.390
 -803.024  48.77  271.395
 -802.779  48.85  271.400
 -802.543  49.03  271.405
 -802.301  48.91  271.410
 -802.061  48.98  271.415
 -801.815  49.06  271.420
 -801.600  48.96  271.425
 -801.354  49.09  271.430
 -801.126  49.09  271.435
 -800.890  49.17  271.440
 -800.649  49.17  271.445
 -800.409  49.29  271.450
 -800.157  49.27  271.455
 -799.916  49.28  271.460
 -799.684  49.37  271.465
 -799.439  49.39  271.470
 -799.213  49.38  271.475
 -798.979  49.49  271.480
 -798.738  49.48  271.485
 -798.492  49.46  271.490
 -798.224  49.51  271.495
 -797.973  49.56  271.500
 -797.717  49.65  271.505
 -797.491  49.62  271.510
 -797.251  49.72  271.515
 -796.998  49.78  271.520
 -796.756  49.76  271.525
 -796.512  49.92  271.530
 -796.292  49.77  271.535
 -796.069  49.76  271.540
 -795.852  49.89  271.545
 -795.627  49.95  271.550
 -795.391  50.02  271.555
 -795.171  50.00  271.560
 -794.961  50.03  271.565
 -794.743  50.08  271.570
 -794.494  50.11  271.575
 -794.246  50.15  271.580
 -794.025  50.29  271.585
 -793.783  50.37  271.590
 -793.536  50.35  271.595
 -793.315  50.26  271.600
 -793.068  50.23  271.605
 -792.846  50.42  271.610
 -792.599  49.64  271.615
 -792.361  49.60  271.620
 -792.126  49.60  271.625
 -791.876  49.64  271.630
 -791.637  49.61  271.635
 -791.399  48.55  271.640
 -791.167  48.36  271.645
 -790.954  48.51  271.650
 -790.719  48.49  271.655
 -790.480  48.44  271.660
 -790.247  48.42  271.665
 -790.012  48.46  271.670
 -789.787  48.44  271.675
 -789.549  48.57  271.680
 -789.326  48.59  271.685
 -789.066  48.53  271.690
 -788.808  48.57  271.695
 -788.528  48.64  271.700
 -788.269  48.56  271.705
 -788.006  48.57  271.710
 -787.752  48.62  271.715
 -787.483  48.61  271.720
 -787.220  48.57  271.725
 -786.990  48.74  271.730
 -786.762  48.61  271.735
 -786.518  48.75  271.740
 -786.304  48.74  271.745
 -786.070  48.80  271.750
 -785.807  48.87  271.755
 -785.572  48.95  271.760
 -785.339  48.97  271.765
 -785.105  48.97  271.770
 -784.840  49.05  271.775
 -784.605  49.06  271.780
 -784.374  49.09  271.785
 -784.156  49.05  271.790
 -783.913  49.20  271.795
 -783.659  49.28  271.800
 -783.394  49.09  271.805
 -783.134  49.25  271.810
 -782.878  49.17  271.815
 -782.625  49.17  271.820
 -782.372  49.27  271.825
 -782.109  49.35  271.830
 -781.885  49.35  271.835
 -781.632  49.31  271.840
 -781.416  49.50  271.845
 -781.194  49.36  271.850
 -780.953  49.43  271.855
 -780.712  49.34  271.860
 -780.487  49.51  271.865
 -780.255  49.51  271.870
 -780.035  49.55  271.875
 -779.803  49.55  271.880
 -779.571  49.58  271.885
 -779.319  49.63  271.890
 -779.075  49.69  271.895
 -778.819  49.74  271.900
 -778.586  49.77  271.905
 -778.350  49.64  271.910
 -778.121  49.75  271.915
 -777.874  49.93  271.920
 -777.640  49.85  271.925
 -777.397  49.92  271.930
 -777.160  50.02  271.935
 -776.924  50.00  271.940
 -776.669  49.96  271.945
 -776.428  50.07  271.950
 -776.187  50.14  271.955
 -775.956  50.25  271.960
 -775.737  50.26  271.965
 -775.502  50.35  271.970
 -775.256  50.25  271.975
 -775.013  50.31  271.980
 -774.777  50.44  271.985
 -774.515  50.38  271.990
 -774.261  50.42  271.995
 -774.005  50.41  272.000
 -773.750  50.61  272.005
 -773.513  50.46  272.010
 -773.265  50.59  272.015
 -773.004  50.57  272.020
 -772.737  50.65  272.025
 -772.474  50.67  272.030
 -772.231  50.73  272.035
 -771.986  50.72  272.040
 -771.761  50.78  272.045
 -771.545  50.86  272.050
 -771.286  50.91  272.055
 -771.027  50.91  272.060
 -770.785  50.91  272.065
 -770.547  50.98  272.070
 -770.275  50.95  272.075
 -770.010  50.98  272.080
 -769.758  51.04  272.085
 -769.510  51.23  272.090
 -769.248  51.13  272.095
 -768.985  51.27  272.100
 -768.720  51.28  272.105
 -768.458  51.20  272.110
 -768.194  51.30  272.115
 -767.916  51.27  272.120
 -767.658  51.34  272.125
 -767.397  51.33  272.130
 -767.148  51.44  272.135
 -766.904  51.49  272.140
 -766.662  51.55  272.145
 -766.397  51.60  272.150
 -766.144  51.67  272.155
 -765.903  51.58  272.160
 -765.665  51.57  272.165
 -765.414  51.75  272.170
 -765.194  51.75  272.175
 -764.985  51.78  272.180
 -764.758  51.77  272.185
 -764.501  51.84  272.190
 -764.242  51.82  272.195
 -763.963  49.83  272.200
 -763.696  48.46  272.205
 -763.448  48.42  272.210
 -763.191  48.49  272.215
 -762.926  46.63  272.220
 -762.648  45.92  272.225
 -762.412  45.80  272.230
 -762.181  45.83  272.235
 -761.967  45.81  272.240
 -761.738  46.04  272.245
 -761.515  46.02  272.250
 -761.269  45.96  272.255
 -761.042  45.90  272.260
 -760.823  46.12  272.265
 -760.599  45.98  272.270
 -760.367  46.00  272.275
 -760.148  46.04  272.280
 -759.947  46.14  272.285
 -759.725  46.13  272.290
 -759.477  46.12  272.295
 -759.229  46.10  272.300
 -759.007  46.18  272.305
 -758.769  46.18  272.310
 -758.521  46.16  272.315
 -758.279  46.33  272.320
 -758.042  46.26  272.325
 -757.791  46.39  272.330
 -757.549  46.38  272.335
 -757.310  46.35  272.340
 -757.110  46.36  272.345
 -756.902  46.44  272.350
 -756.685  46.43  272.355
 -756.435  46.47  272.360
 -756.218  46.47  272.365
 -756.012  46.57  272.370
 -755.786  46.41  272.375
 -755.556  46.72  272.380
 -755.337  46.48  272.385
 -755.079  46.49  272.390
 -754.829  46.58  272.395
 -754.585  46.65  272.400
 -754.344  46.71  272.405
 -754.113  46.63  272.410
 -753.883  46.65  272.415
 -753.648  46.73  272.420
 -753.415  46.83  272.425
 -753.160  46.75  272.430
 -752.915  46.87  272.435
 -752.658  46.89  272.440
 -752.417  46.92  272.445
 -752.176  47.03  272.450
 -751.933  47.08  272.455
 -751.701  47.10  272.460
 -751.474  47.15  272.465
 -751.216  47.05  272.470
 -750.963  47.10  272.475
 -750.735  47.16  272.480
 -750.504  47.44  272.485
 -750.242  47.19  272.490
 -749.988  47.29  272.495
 -749.712  47.33  272.500
 -749.447  47.24  272.505
 -749.200  47.21  272.510
 -748.950  47.34  272.515
 -748.700  47.32  272.520
 -748.425  47.52  272.525
 -748.184  47.48  272.530
 -747.936  47.46  272.535
 -747.688  47.53  272.540
 -747.478  47.52  272.545
 -747.256  47.58  272.550
 -746.994  47.65  272.555
 -746.738  47.71  272.560
 -746.508  47.55  272.565
 -746.277  47.74  272.570
 -746.023  47.64  272.575
 -745.763  47.65  272.580
 -745.517  47.81  272.585
 -745.254  47.91  272.590
 -744.991  47.93  272.595
 -744.734  47.97  272.600
 -744.486  47.87  272.605
 -744.227  48.10  272.610
 -743.980  48.04  272.615
 -743.729  48.03  272.620
 -743.500  48.03  272.625
 -743.239  48.28  272.630
 -742.975  48.23  272.635
 -742.714  48.20  272.640
 -742.481  48.19  272.645
 -742.230  48.24  272.650
 -741.985  48.37  272.655
 -741.732  48.43  272.660
 -741.498  48.40  272.665
 -741.256  48.46  272.670
 -741.012  48.38  272.675
 -740.792  48.44  272.680
 -740.566  48.51  272.685
 -740.340  48.51  272.690
 -740.084  48.62  272.695
 -739.825  48.71  272.700
 -739.566  48.75  272.705
 -739.322  48.77  272.710
 -739.063  48.76  272.715
 -738.796  48.64  272.720
 -738.514  48.92  272.725
 -738.265  48.96  272.730
 -738.023  48.78  272.735
 -737.793  48.81  272.740
 -737.576  48.93  272.745
 -737.353  48.97  272.750
 -737.086  49.00  272.755
 -736.846  48.93  272.760
 -736.622  49.09  272.765
 -736.387  49.15  272.770
 -736.147  49.15  272.775
 -735.905  49.03  272.780
 -735.703  49.26  272.785
 -735.482  49.32  272.790
 -735.245  49.37  272.795
 -734.990  49.36  272.800
 -734.751  49.35  272.805
 -734.507  49.24  272.810
 -734.270  49.33  272.815
 -734.028  49.42  272.820
 -733.807  49.30  272.825
 -733.559  49.48  272.830
 -733.308  49.50  272.835
 -733.065  49.52  272.840
 -732.838  49.53  272.845
 -732.611  49.72  272.850
 -732.367  49.60  272.855
 -732.134  49.70  272.860
 -731.910  49.69  272.865
 -731.673  49.81  272.870
 -731.448  49.82  272.875
 -731.233  49.88  272.880
 -731.009  49.87  272.885
 -730.767  49.94  272.890
 -730.522  49.89  272.895
 -730.266  50.03  272.900
 -730.014  50.13  272.905
 -729.793  49.92  272.910
 -729.550  50.01  272.915
 -729.299  50.11  272.920
 -729.042  50.17  272.925
 -728.790  50.24  272.930
 -728.547  50.15  272.935
 -728.294  50.21  272.940
 -728.061  50.45  272.945
 -727.824  50.31  272.950
 -727.578  50.39  272.955
 -727.335  50.41  272.960
 -727.092  50.40  272.965
 -726.836  50.35  272.970
 -726.575  50.39  272.975
 -726.312  50.48  272.980
 -726.072  50.69  272.985
 -725.824  50.64  272.990
 -725.547  50.64  272.995
 -725.274  50.64  273.000
 -725.020  50.75  273.005
 -724.775  50.76  273.010
 -724.508  50.79  273.015
 -724.256  50.81  273.020
 -723.995  50.90  273.025
 -723.735  51.09  273.030
 -723.477  50.87  273.035
 -723.225  50.95  273.040
 -722.987  50.93  273.045
 -722.765  50.97  273.050
 -722.526  51.11  273.055
 -722.287  51.05  273.060
 -722.040  51.15  273.065
 -721.800  51.25  273.070
 -721.559  51.20  273.075
 -721.308  51.23  273.080
 -721.049  51.25  273.085
 -720.783  51.22  273.090
 -720.533  51.30  273.095
 -720.283  51.43  273.100
 -720.050  51.43  273.105
 -719.794  51.47  273.110
 -719.555  51.51  273.115
 -719.322  51.57  273.120
 -719.105  51.53  273.125
 -718.858  51.54  273.130
 -718.617  51.58  273.135
 -718.375  51.62  273.140
 -718.148  51.75  273.145
 -717.901  51.80  273.150
 -717.669  51.74  273.155
 -717.428  51.79  273.160
 -717.190  51.87  273.165
 -716.953  51.95  273.170
 -716.700  51.88  273.175
 -716.489  51.88  273.180
 -716.255  51.93  273.185
 -716.016  52.13  273.190
 -715.752  52.04  273.195
 -715.493  52.02  273.200
 -715.223  52.09  273.205
 -714.968  52.15  273.210
 -714.702  52.13  273.215
 -714.447  52.26  273.220
 -714.188  52.29  273.225
 -713.930  52.27  273.230
 -713.686  52.24  273.235
 -713.455  52.29  273.240
 -713.232  52.29  273.245
 -712.991  52.30  273.250
 -712.702  52.38  273.255
 -712.434  52.42  273.260
 -712.202  52.53  273.265
 -711.957  52.47  273.270
 -711.692  52.50  273.275
 -711.415  52.63  273.280
 -711.158  52.57  273.285
 -710.892  52.67  273.290
 -710.622  52.68  273.295
 -710.349  52.68  273.300
 -710.121  52.64  273.305
 -709.869  52.73  273.310
 -709.616  52.72  273.315
 -709.365  52.82  273.320
 -709.119  52.88  273.325
 -708.854  53.02  273.330
 -708.583  53.07  273.335
 -708.324  53.06  273.340
 -708.073  53.07  273.345
 -707.829  53.20  273.350
 -707.572  53.27  273.355
 -707.323  53.24  273.360
 -707.074  53.26  273.365
 -706.822  53.34  273.370
 -706.563  53.37  273.375
 -706.319  53.25  273.380
 -706.081  53.47  273.385
 -705.833  53.30  273.390
 -705.573  53.31  273.395
 -705.309  53.41  273.400
 -705.051  53.66  273.405
 -704.817  53.61  273.410
 -704.560  53.64  273.415
 -704.287  53.65  273.420
 -704.020  53.70  273.425
 -703.774  53.68  273.430
 -703.544  53.71  273.435
 -703.323  53.70  273.440
 -703.103  53.78  273.445
 -702.893  53.66  273.450
 -702.642  53.81  273.455
 -702.396  53.82  273.460
 -702.156  53.96  273.465
 -701.925  53.94  273.470
 -701.661  54.02  273.475
 -701.410  53.97  273.480
 -701.175  54.00  273.485
 -700.954  54.13  273.490
 -700.708  54.19  273.495
 -700.448  54.22  273.500
 -700.202  54.17  273.505
 -699.977  54.09  273.510
 -699.731  54.20  273.515
 -699.489  54.15  273.520
 -699.256  54.22  273.525
 -699.017  54.45  273.530
 -698.763  54.35  273.535
 -698.516  54.43  273.540
 -698.278  54.31  273.545
 -698.025  54.56  273.550
 -697.781  54.53  273.555
 -697.520  54.70  273.560
 -697.292  54.63  273.565
 -697.044  54.65  273.570
 -696.823  54.73  273.575
 -696.583  54.65  273.580
 -696.359  54.65  273.585
 -696.095  54.72  273.590
 -695.835  54.74  273.595
 -695.574  54.79  273.600
 -695.302  54.87  273.605
 -695.059  54.93  273.610
 -694.853  54.87  273.615
 -694.605  55.10  273.620
 -694.334  55.12  273.625
 -694.100  55.07  273.630
 -693.858  55.12  273.635
 -693.637  55.07  273.640
 -693.406  55.17  273.645
 -693.205  55.12  273.650
 -692.993  55.15  273.655
 -692.781  55.09  273.660
 -692.554  55.30  273.665
 -692.351  55.30  273.670
 -692.112  55.32  273.675
 -691.876  55.26  273.680
 -691.639  55.45  273.685
 -691.408  55.31  273.690
 -691.157  55.39  273.695
 -690.917  55.43  273.700
 -690.682  55.52  273.705
 -690.452  55.44  273.710
 -690.208  55.47  273.715
 -689.955  55.58  273.720
 -689.736  55.51  273.725
 -689.511  55.58  273.730
 -689.294  55.60  273.735
 -689.068  55.56  273.740
 -688.853  55.71  273.745
 -688.624  55.85  273.750
 -688.396  55.87  273.755
 -688.174  55.91  273.760
 -687.945  55.92  273.765
 -687.663  55.90  273.770
 -687.426  55.89  273.775
 -687.217  55.98  273.780
 -686.999  55.98  273.785
 -686.759  56.15  273.790
 -686.513  56.03  273.795
 -686.255  56.07  273.800
 -685.991  56.11  273.805
 -685.728  56.12  273.810
 -685.467  56.03  273.815
 -685.201  56.17  273.820
 -684.922  56.31  273.825
 -684.684  56.23  273.830
 -684.447  56.32  273.835
 -684.234  56.23  273.840
 -684.020  56.33  273.845
 -683.819  56.42  273.850
 -683.582  56.43  273.855
 -683.360  56.41  273.860
 -683.122  56.52  273.865
 -682.912  56.58  273.870
 -682.681  56.59  273.875
 -682.454  56.55  273.880
 -682.198  56.66  273.885
 -681.947  56.62  273.890
 -681.697  56.73  273.895
 -681.466  56.80  273.900
 -681.228  56.72  273.905
 -681.010  56.81  273.910
 -680.777  56.83  273.915
 -680.566  56.88  273.920
 -680.346  56.80  273.925
 -680.114  56.96  273.930
 -679.870  56.98  273.935
 -679.629  57.00  273.940
 -679.391  56.98  273.945
 -679.151  57.15  273.950
 -678.919  57.07  273.955
 -678.682  57.13  273.960
 -678.460  57.12  273.965
 -678.214  57.11  273.970
 -677.987  57.14  273.975
 -677.768  57.36  273.980
 -677.545  57.26  273.985
 -677.310  57.25  273.990
 -677.081  57.25  273.995
 -676.841  57.37  274.000
 -676.589  57.44  274.005
 -676.339  57.46  274.010
 -676.093  57.37  274.015
 -675.838  57.56  274.020
 -675.577  57.55  274.025
 -675.344  57.58  274.030
 -675.109  57.55  274.035
 -674.884  57.60  274.040
 -674.659  57.57  274.045
 -674.408  57.61  274.050
 -674.153  57.75  274.055
 -673.913  57.73  274.060
 -673.667  57.92  274.065
 -673.423  57.82  274.070
 -673.160  57.90  274.075
 -672.926  57.87  274.080
 -672.680  57.88  274.085
 -672.440  57.90  274.090
 -672.208  58.00  274.095
 -671.990  58.01  274.100
 -671.742  58.10  274.105
 -671.491  58.12  274.110
 -671.246  58.22  274.115
 -671.032  58.12  274.120
 -670.794  58.19  274.125
 -670.548  58.29  274.130
 -670.314  58.30  274.135
 -670.060  58.29  274.140
 -669.808  58.48  274.145
 -669.549  58.44  274.150
 -669.304  58.41  274.155
 -669.059  58.36  274.160
 -668.835  58.43  274.165
 -668.596  58.46  274.170
 -668.363  58.47  274.175
 -668.152  58.54  274.180
 -667.907  58.55  274.185
 -667.652  58.65  274.190
 -667.408  58.55  274.195
 -667.170  58.71  274.200
 -666.948  58.79  274.205
 -666.695  58.66  274.210
 -666.449  58.73  274.215
 -666.196  58.78  274.220
 -665.950  58.84  274.225
 -665.713  58.95  274.230
 -665.477  58.89  274.235
 -665.265  58.98  274.240
 -665.048  59.03  274.245
 -664.804  58.98  274.250
 -664.550  59.08  274.255
 -664.335  59.07  274.260
 -664.115  59.17  274.265
 -663.884  59.13  274.270
 -663.612  59.28  274.275
 -663.382  59.21  274.280
 -663.150  59.27  274.285
 -662.895  59.27  274.290
 -662.674  59.31  274.295
 -662.453  59.47  274.300
 -662.199  59.27  274.305
 -661.946  59.39  274.310
 -661.718  59.37  274.315
 -661.495  59.28  274.320
 -661.247  59.49  274.325
 -661.016  59.47  274.330
 -660.762  59.47  274.335
 -660.550  59.55  274.340
 -660.316  59.58  274.345
 -660.074  59.63  274.350
 -659.827  59.70  274.355
 -659.589  59.71  274.360
 -659.352  59.75  274.365
 -659.115  59.68  274.370
 -658.883  59.77  274.375
 -658.661  59.82  274.380
 -658.426  59.78  274.385
 -658.165  59.86  274.390
 -657.917  59.83  274.395
 -657.666  59.93  274.400
 -657.434  59.98  274.405
 -657.196  59.95  274.410
 -656.955  60.01  274.415
 -656.717  60.04  274.420
 -656.497  60.17  274.425
 -656.253  60.06  274.430
 -656.032  60.16  274.435
 -655.806  60.30  274.440
 -655.605  60.19  274.445
 -655.348  60.19  274.450
 -655.109  60.27  274.455
 -654.906  60.34  274.460
 -654.710  60.41  274.465
 -654.460  60.37  274.470
 -654.215  60.42  274.475
 -654.008  60.52  274.480
 -653.802  60.45  274.485
 -653.561  60.54  274.490
 -653.308  60.58  274.495
 -653.081  60.56  274.500
 -652.867  60.66  274.505
 -652.642  60.72  274.510
 -652.412  60.67  274.515
 -652.208  60.65  274.520
 -651.971  60.60  274.525
 -651.730  60.67  274.530
 -651.489  60.65  274.535
 -651.248  60.73  274.540
 -651.035  60.84  274.545
 -650.799  60.87  274.550
 -650.550  60.85  274.555
 -650.298  60.91  274.560
 -650.064  60.90  274.565
 -649.826  61.05  274.570
 -649.576  61.01  274.575
 -649.309  61.02  274.580
 -649.070  60.99  274.585
 -648.820  61.10  274.590
 -648.567  61.19  274.595
 -648.304  61.19  274.600
 -648.056  61.22  274.605
 -647.822  61.21  274.610
 -647.578  61.29  274.615
 -647.320  61.25  274.620
 -647.096  61.34  274.625
 -646.832  61.49  274.630
 -646.582  61.45  274.635
 -646.321  61.44  274.640
 -646.090  61.42  274.645
 -645.838  61.58  274.650
 -645.586  61.53  274.655
 -645.337  61.59  274.660
 -645.107  61.66  274.665
 -644.826  61.61  274.670
 -644.570  61.69  274.675
 -644.345  61.75  274.680
 -644.107  61.73  274.685
 -643.835  61.70  274.690
 -643.580  61.74  274.695
 -643.319  61.86  274.700
 -643.060  61.93  274.705
 -642.826  61.93  274.710
 -642.594  61.92  274.715
 -642.342  61.96  274.720
 -642.089  61.93  274.725
 -641.845  61.94  274.730
 -641.607  61.99  274.735
 -641.393  61.97  274.740
 -641.167  62.13  274.745
 -640.933  62.09  274.750
 -640.686  62.11  274.755
 -640.449  62.17  274.760
 -640.212  62.29  274.765
 -639.985  62.38  274.770
 -639.717  62.24  274.775
 -639.449  62.30  274.780
 -639.216  62.32  274.785
 -638.973  62.31  274.790
 -638.717  62.46  274.795
 -638.456  62.45  274.800
 -638.200  62.35  274.805
 -637.950  62.51  274.810
 -637.695  62.53  274.815
 -637.435  62.57  274.820
 -637.202  62.54  274.825
 -636.944  62.71  274.830
 -636.684  62.70  274.835
 -636.444  62.72  274.840
 -636.233  62.76  274.845
 -636.014  62.77  274.850
 -635.779  62.77  274.855
 -635.529  62.83  274.860
 -635.274  62.84  274.865
 -635.014  62.84  274.870
 -634.771  62.86  274.875
 -634.513  63.02  274.880
 -634.258  62.96  274.885
 -634.005  62.97  274.890
 -633.740  62.96  274.895
 -633.480  63.08  274.900
 -633.242  63.12  274.905
 -633.004  63.12  274.910
 -632.777  63.12  274.915
 -632.513  63.17  274.920
 -632.239  63.19  274.925
 -631.991  63.23  274.930
 -631.752  63.26  274.935
 -631.505  63.27  274.940
 -631.266  63.24  274.945
 -631.005  63.34  274.950
 -630.766  63.46  274.955
 -630.530  63.46  274.960
 -630.300  63.55  274.965
 -630.054  63.48  274.970
 -629.787  63.55  274.975
 -629.545  63.57  274.980
 -629.321  63.59  274.985
 -629.077  63.62  274.990
 -628.810  63.66  274.995
 -628.545  63.71  275.000
 -628.277  63.83  275.005
 -628.010  63.75  275.010
 -627.765  63.77  275.015
 -627.506  63.68  275.020
 -627.251  63.83  275.025
 -627.005  63.83  275.030
 -626.766  63.85  275.035
 -626.549  63.85  275.040
 -626.329  63.98  275.045
 -626.104  64.01  275.050
 -625.864  64.02  275.055
 -625.612  64.07  275.060
 -625.344  64.06  275.065
 -625.091  64.06  275.070
 -624.843  64.20  275.075
 -624.589  64.19  275.080
 -624.351  64.21  275.085
 -624.099  64.21  275.090
 -623.859  64.23  275.095
 -623.595  64.25  275.100
 -623.375  64.31  275.105
 -623.163  64.42  275.110
 -622.949  64.30  275.115
 -622.690  64.32  275.120
 -622.441  64.34  275.125
 -622.198  64.50  275.130
 -621.943  64.49  275.135
 -621.681  64.58  275.140
 -621.455  64.45  275.145
 -621.215  64.58  275.150
 -620.965  64.63  275.155
 -620.716  64.60  275.160
 -620.482  64.62  275.165
 -620.231  64.69  275.170
 -619.998  64.69  275.175
 -619.761  64.66  275.180
 -619.523  64.71  275.185
 -619.260  64.70  275.190
 -618.991  64.80  275.195
 -618.738  64.82  275.200
 -618.471  64.89  275.205
 -618.213  64.81  275.210
 -617.935  64.84  275.215
 -617.690  64.95  275.220
 -617.427  64.94  275.225
 -617.176  65.05  275.230
 -616.928  65.05  275.235
 -616.681  65.06  275.240
 -616.462  65.04  275.245
 -616.231  65.13  275.250
 -615.970  65.17  275.255
 -615.696  65.21  275.260
 -615.405  65.30  275.265
 -615.134  65.28  275.270
 -614.874  65.31  275.275
 -614.629  65.33  275.280
 -614.389  65.33  275.285
 -614.158  65.36  275.290
 -613.895  65.38  275.295
 -613.629  65.46  275.300
 -613.373  65.60  275.305
 -613.120  65.49  275.310
 -612.880  65.53  275.315
 -612.624  65.52  275.320
 -612.380  65.54  275.325
 -612.125  65.76  275.330
 -611.889  65.68  275.335
 -611.645  65.73  275.340
 -611.423  65.70  275.345
 -611.151  65.82  275.350
 -610.876  65.80  275.355
 -610.630  65.84  275.360
 -610.386  65.87  275.365
 -610.129  65.80  275.370
 -609.897  65.93  275.375
 -609.657  65.88  275.380
 -609.424  66.03  275.385
 -609.180  65.94  275.390
 -608.934  66.03  275.395
 -608.667  66.06  275.400
 -608.409  66.13  275.405
 -608.172  66.13  275.410
 -607.944  66.09  275.415
 -607.728  66.13  275.420
 -607.509  66.15  275.425
 -607.310  66.14  275.430
 -607.103  66.29  275.435
 -606.902  66.25  275.440
 -606.701  66.27  275.445
 -606.538  66.30  275.450
 -606.384  66.33  275.455
 -606.266  66.31  275.460
 -606.151  66.53  275.465
 -606.037  66.48  275.470
 -605.951  66.31  275.475
 -605.870  66.46  275.480
 -605.795  66.45  275.485
 -605.701  66.47  275.490
 -605.630  66.48  275.495
 -605.581  66.55  275.500
 -605.575  66.55  275.505
 -605.567  66.58  275.510
 -605.554  66.57  275.515
