 -605.543  66.51  275.520
 -605.586  66.54  275.525
 -605.610  66.45  275.530
 -605.654  66.45  275.535
 -605.701  66.49  275.540
 -605.762  66.46  275.545
 -605.850  66.46  275.550
 -605.942  66.47  275.555
 -606.024  66.54  275.560
 -606.132  66.52  275.565
 -606.265  66.49  275.570
 -606.396  66.51  275.575
 -606.525  66.35  275.580
 -606.653  66.36  275.585
 -606.804  66.38  275.590
 -606.962  66.41  275.595
 -607.127  66.38  275.600
 -607.280  66.29  275.605
 -607.421  66.37  275.610
 -607.540  66.29  275.615
 -607.695  66.31  275.620
 -607.854  66.32  275.625
 -608.012  66.27  275.630
 -608.166  66.30  275.635
 -608.313  66.23  275.640
 -608.465  66.34  275.645
 -608.615  66.24  275.650
 -608.789  66.27  275.655
 -608.954  66.24  275.660
 -609.114  66.18  275.665
 -609.269  66.07  275.670
 -609.446  66.26  275.675
 -609.629  66.12  275.680
 -609.793  66.12  275.685
 -609.967  66.19  275.690
 -610.144  66.08  275.695
 -610.329  66.05  275.700
 -610.493  66.11  275.705
 -610.674  66.06  275.710
 -610.856  66.12  275.715
 -611.034  66.08  275.720
 -611.203  66.00  275.725
 -611.374  65.97  275.730
 -611.542  65.95  275.735
 -611.726  65.91  275.740
 -611.888  65.88  275.745
 -612.039  65.94  275.750
 -612.203  65.88  275.755
 -612.391  65.79  275.760
 -612.576  65.76  275.765
 -612.756  65.80  275.770
 -612.903  65.77  275.775
 -613.061  65.86  275.780
 -613.224  65.80  275.785
 -613.395  65.78  275.790
 -613.587  65.76  275.795
 -613.772  65.71  275.800
 -613.937  65.66  275.805
 -614.105  65.62  275.810
 -614.269  65.70  275.815
 -614.440  65.66  275.820
 -614.621  65.57  275.825
 -614.784  65.59  275.830
 -614.934  65.58  275.835
 -615.097  65.57  275.840
 -615.239  65.50  275.845
 -615.408  65.49  275.850
 -615.581  65.57  275.855
 -615.756  65.50  275.860
 -615.913  65.43  275.865
 -616.072  65.41  275.870
 -616.263  65.46  275.875
 -616.435  65.46  275.880
 -616.615  65.38  275.885
 -616.807  65.40  275.890
 -616.999  65.38  275.895
 -617.194  65.39  275.900
 -617.408  65.33  275.905
 -617.584  65.27  275.910
 -617.748  65.30  275.915
 -617.915  65.34  275.920
 -618.112  65.19  275.925
 -618.311  65.11  275.930
 -618.502  65.18  275.935
 -618.660  65.07  275.940
 -618.840  65.07  275.945
 -618.993  65.10  275.950
 -619.184  65.07  275.955
 -619.396  65.06  275.960
 -619.568  65.07  275.965
 -619.745  65.02  275.970
 -619.922  64.99  275.975
 -620.103  64.93  275.980
 -620.289  64.99  275.985
 -620.481  64.93  275.990
 -620.674  64.93  275.995
 -620.858  64.87  276.000
 -621.026  64.98  276.005
 -621.202  64.91  276.010
 -621.379  64.89  276.015
 -621.558  65.00  276.020
 -621.750  64.93  276.025
 -621.920  64.72  276.030
 -622.103  64.76  276.035
 -622.260  64.74  276.040
 -622.394  64.75  276.045
 -622.553  64.80  276.050
 -622.715  64.73  276.055
 -622.864  64.67  276.060
 -623.036  64.63  276.065
 -623.201  64.45  276.070
 -623.373  64.57  276.075
 -623.538  64.52  276.080
 -623.696  64.50  276.085
 -623.854  64.40  276.090
 -623.996  64.43  276.095
 -624.124  64.44  276.100
 -624.255  64.37  276.105
 -624.379  64.43  276.110
 -624.491  64.42  276.115
 -624.608  64.49  276.120
 -624.739  64.32  276.125
 -624.871  64.35  276.130
 -625.013  64.29  276.130
 -625.138  64.30  276.135
 -625.247  64.24  276.140
 -625.357  64.19  276.145
 -625.501  64.23  276.150
 -625.649  64.19  276.155
 -625.770  64.23  276.160
 -625.887  64.33  276.165
 -626.007  64.29  276.170
 -626.152  64.29  276.175
 -626.275  64.29  276.180
 -626.402  64.31  276.185
 -626.553  64.27  276.190
 -626.709  64.20  276.195
 -626.819  64.17  276.200
 -626.931  64.29  276.205
 -627.064  64.14  276.210
 -627.185  64.19  276.215
 -627.312  64.11  276.220
 -627.435  64.06  276.225
 -627.557  64.10  276.230
 -627.681  64.06  276.235
 -627.808  64.04  276.240
 -627.962  64.09  276.245
 -628.122  63.98  276.250
 -628.296  63.92  276.255
 -628.454  63.94  276.260
 -628.616  63.97  276.265
 -628.793  63.91  276.270
 -628.963  63.98  276.275
 -629.124  63.83  276.280
 -629.266  63.85  276.285
 -629.439  63.84  276.290
 -629.616  63.81  276.295
 -629.789  63.81  276.300
 -629.945  63.73  276.305
 -630.085  63.70  276.310
 -630.244  63.74  276.315
 -630.409  63.50  276.320
 -630.574  63.72  276.325
 -630.722  63.67  276.330
 -630.885  63.65  276.335
 -631.040  63.62  276.340
 -631.182  63.49  276.345
 -631.358  63.66  276.350
 -631.544  63.60  276.355
 -631.734  63.56  276.360
 -631.898  63.50  276.365
 -632.098  63.43  276.370
 -632.297  63.44  276.375
 -632.488  63.43  276.380
 -632.662  63.49  276.385
 -632.848  63.40  276.390
 -633.016  63.39  276.395
 -633.192  63.31  276.400
 -633.380  63.29  276.405
 -633.568  63.39  276.410
 -633.756  63.37  276.415
 -633.934  63.35  276.420
 -634.116  63.28  276.425
 -634.304  63.34  276.430
 -634.487  63.25  276.435
 -634.680  63.18  276.440
 -634.874  63.20  276.445
 -635.052  63.13  276.450
 -635.239  63.09  276.455
 -635.422  63.12  276.460
 -635.613  63.09  276.465
 -635.816  63.10  276.470
 -636.004  63.10  276.475
 -636.183  63.07  276.480
 -636.362  63.05  276.485
 -636.553  62.99  276.490
 -636.737  62.97  276.495
 -636.918  63.00  276.500
 -637.078  62.95  276.505
 -637.273  62.90  276.510
 -637.452  62.89  276.515
 -637.658  62.80  276.520
 -637.828  62.75  276.525
 -637.998  62.78  276.530
 -638.164  62.74  276.535
 -638.329  62.65  276.540
 -638.489  62.78  276.545
 -638.697  62.70  276.550
 -638.896  62.74  276.555
 -639.073  62.61  276.560
 -639.256  62.70  276.565
 -639.441  62.60  276.570
 -639.648  62.56  276.575
 -639.836  62.59  276.580
 -640.007  62.56  276.585
 -640.203  62.56  276.590
 -640.377  62.42  276.595
 -640.543  62.41  276.600
 -640.750  62.39  276.605
 -640.933  62.41  276.610
 -641.113  62.36  276.615
 -641.283  62.39  276.620
 -641.467  62.41  276.625
 -641.646  62.35  276.630
 -641.837  62.32  276.635
 -642.011  62.37  276.640
 -642.197  62.23  276.645
 -642.376  62.24  276.650
 -642.570  62.31  276.655
 -642.753  62.20  276.660
 -642.929  62.15  276.665
 -643.105  62.15  276.670
 -643.272  62.16  276.675
 -643.442  62.14  276.680
 -643.630  62.11  276.685
 -643.822  62.06  276.690
 -644.021  62.08  276.695
 -644.220  61.92  276.700
 -644.378  62.00  276.705
 -644.529  62.06  276.710
 -644.698  61.92  276.715
 -644.856  61.91  276.720
 -645.015  61.93  276.725
 -645.179  61.88  276.730
 -645.337  61.93  276.735
 -645.495  61.71  276.740
 -645.654  61.81  276.745
 -645.842  61.79  276.750
 -646.029  61.74  276.755
 -646.194  61.84  276.760
 -646.361  61.71  276.765
 -646.554  61.70  276.770
 -646.754  61.72  276.775
 -646.929  61.68  276.780
 -647.099  61.60  276.785
 -647.289  61.63  276.790
 -647.475  61.53  276.795
 -647.648  61.63  276.800
 -647.836  61.53  276.805
 -648.008  61.54  276.810
 -648.188  61.54  276.815
 -648.352  61.54  276.820
 -648.531  61.51  276.825
 -648.707  61.52  276.830
 -648.878  61.42  276.835
 -649.037  61.45  276.840
 -649.216  61.35  276.845
 -649.391  61.28  276.850
 -649.568  61.28  276.855
 -649.750  61.37  276.860
 -649.971  61.28  276.865
 -650.165  61.20  276.870
 -650.364  61.18  276.875
 -650.553  61.23  276.880
 -650.750  61.16  276.885
 -650.946  61.19  276.890
 -651.144  61.12  276.895
 -651.325  61.12  276.900
 -651.505  61.08  276.905
 -651.684  60.99  276.910
 -651.854  61.09  276.915
 -652.045  61.00  276.920
 -652.185  60.99  276.925
 -652.339  61.02  276.930
 -652.482  60.97  276.935
 -652.658  60.97  276.940
 -652.809  60.97  276.945
 -652.992  60.92  276.950
 -653.158  60.90  276.955
 -653.320  60.83  276.960
 -653.484  60.88  276.965
 -653.672  60.65  276.970
 -653.847  60.80  276.975
 -654.018  60.81  276.980
 -654.187  60.69  276.985
 -654.362  60.70  276.990
 -654.545  60.62  276.995
 -654.709  60.73  277.000
 -654.899  60.69  277.005
 -655.071  60.56  277.010
 -655.236  60.67  277.015
 -655.391  60.66  277.020
 -655.558  60.50  277.025
 -655.720  60.52  277.030
 -655.882  60.41  277.035
 -656.019  60.46  277.040
 -656.174  60.41  277.045
 -656.343  60.38  277.050
 -656.532  60.31  277.055
 -656.705  60.31  277.060
 -656.866  60.31  277.065
 -657.028  60.40  277.070
 -657.194  60.45  277.075
 -657.393  60.25  277.080
 -657.598  60.15  277.085
 -657.808  60.20  277.090
 -658.004  60.28  277.095
 -658.202  60.20  277.100
 -658.390  60.19  277.105
 -658.584  60.20  277.110
 -658.786  60.04  277.115
 -658.984  60.18  277.120
 -659.160  60.03  277.125
 -659.341  60.02  277.130
 -659.508  60.01  277.135
 -659.677  60.09  277.140
 -659.869  59.92  277.145
 -660.063  59.94  277.150
 -660.248  59.96  277.155
 -660.419  59.90  277.160
 -660.609  59.87  277.165
 -660.814  59.87  277.170
 -660.995  59.92  277.175
 -661.184  59.83  277.180
 -661.371  59.85  277.185
 -661.582  59.85  277.190
 -661.795  59.79  277.195
 -661.982  59.67  277.200
 -662.171  59.75  277.205
 -662.384  59.74  277.210
 -662.567  59.70  277.215
 -662.732  59.51  277.220
 -662.897  59.56  277.225
 -663.046  59.49  277.230
 -663.240  59.50  277.235
 -663.483  59.45  277.240
 -663.731  59.50  277.245
 -663.901  59.44  277.250
 -664.125  59.36  277.255
 -664.325  59.35  277.260
